# Ovr(X.X)
# H0
# Exp0
#      Time            CPU           <Ovr(X.X)>                <H0>              <Exp0>
      -27.5799955977           0                   1      -0.50000117571      0.998643774759
      -25.1934776427    4.94e-06                   1     -0.500001172329      0.998643774642
      -22.7982031554     0.02172                   1     -0.500001169053      0.998643774731
      -20.4263037757     0.04313                   1     -0.500000985358      0.998643761934
      -18.0147330784     0.06461      0.999999999999     -0.500000240952      0.998643717653
      -15.6432810572     0.08636      0.999999999977     -0.500000251728      0.998643710103
      -13.3212021343      0.1159      0.999999999254     -0.499999732162       0.99864352736
      -11.1438710388      0.1159      0.999999992957     -0.499995155415      0.998643180618
      -9.05365103178        0.15      0.999999970183     -0.499998447932      0.998643048094
      -7.03665247664      0.1831      0.999999917276      -0.49999026795      0.998642360322
      -5.07550409438      0.2159      0.999999815018     -0.499993850409      0.998641852247
      -3.14238638626      0.2159      0.999999646689     -0.499990480206      0.998641565117
      -1.24979026299      0.2421      0.999999396416     -0.499984011623      0.998640195094
      0.626314548513      0.2688       0.99999905424     -0.499992509572      0.998640149804
       2.49277830792      0.2688      0.999998612589     -0.499984651839      0.998639354816
       4.33979775403      0.2953      0.999998081398     -0.499983597533      0.998638154384
       6.21097950522      0.3224      0.999997457532     -0.499991068832      0.998638168065
       8.11122162456      0.3224      0.999996759797     -0.499985114844      0.998637340787
       10.0358604268       0.349      0.999996014456     -0.499989205854       0.99863671147
       12.0669836349      0.3744      0.999995227057     -0.499990379948      0.998636588519
       14.1519941887      0.3984       0.99999445709     -0.499991871453      0.998636055277
       16.4045282499      0.3984      0.999993716452     -0.499992945547      0.998635936673
       18.7426537433      0.4212      0.999993082003     -0.499995081474      0.998635823893
       21.1182705928      0.4427      0.999992595747       -0.4999958406      0.998635720803
       23.5124640179      0.4639      0.999992263265     -0.499996463213       0.99863570298
       25.9111950918      0.4849      0.999992063202     -0.499996846576      0.998635691394
       28.3066484486      0.5062      0.999991960742     -0.499997027175       0.99863568138
       30.6866622352      0.5234      0.999991918758     -0.499997100995      0.998635679784
       33.0707092352      0.5234      0.999991906005     -0.499997123001      0.998635685151
       35.4575997439      0.5407      0.999991903634      -0.49999712687      0.998635692977
        37.875643242      0.5574      0.999991903366     -0.499997127253      0.998635697991
       40.2574222308      0.5739      0.999991903327     -0.499997127294      0.998635696418
       42.6250466348      0.5904      0.999991903317     -0.499997127301      0.998635689641
       45.0230992093      0.6071      0.999991903314     -0.499997127303       0.99863568228
       47.4393034483      0.6236      0.999991903311     -0.499997127304      0.998635679859
       49.8478840302      0.6401      0.999991903309     -0.499997127305      0.998635684224
       52.2258718897      0.6401      0.999991903308     -0.499997127305      0.998635691755
       54.6076340376      0.6568      0.999991903306     -0.499997127305       0.99863569756
        57.005768471      0.6734      0.999991903305     -0.499997127305      0.998635696935
       59.4157887362      0.6899      0.999991903304     -0.499997127305      0.998635690911
       61.7794497873      0.7064      0.999991903303     -0.499997127305      0.998635683387
       64.1642583143      0.7229      0.999991903302     -0.499997127305      0.998635680001
       66.5693678073      0.7401      0.999991903301     -0.499997127305      0.998635683028
        68.984446571       0.758      0.999991903301     -0.499997127305      0.998635690399
       71.3701617835       0.758        0.9999919033     -0.499997127305      0.998635696808
       73.7504728398      0.7755        0.9999919033     -0.499997127305      0.998635697576
       76.1498879125      0.7931        0.9999919033     -0.499997127305      0.998635692324
       78.5452520318      0.8107        0.9999919033     -0.499997127305      0.998635684594
       80.9381791342      0.8281      0.999991903299     -0.499997127305      0.998635679975
           83.309245      0.8455      0.999991903299     -0.499997127305      0.998635681895
       85.7088959802       0.863      0.999991903299     -0.499997127305      0.998635688815
       88.1255545501       0.863      0.999991903299     -0.499997127305      0.998635696201
       90.5119837313      0.8806      0.999991903299     -0.499997127304      0.998635698086
       92.8944350314      0.8981      0.999991903299     -0.499997127304      0.998635693576
       95.2906919909      0.9154      0.999991903298     -0.499997127304      0.998635685604
       97.6917058093       0.933      0.999991903298     -0.499997127304      0.998635680182
       100.080654078      0.9506      0.999991903298     -0.499997127304      0.998635681279
       102.459404936       0.968      0.999991903298     -0.499997127304      0.998635687789
       104.851237547      0.9854      0.999991903298     -0.499997127304      0.998635695279
       107.268933768      0.9854      0.999991903298     -0.499997127304      0.998635698035
       109.664129344       1.003      0.999991903298     -0.499997127304      0.998635694403
       112.034014318        1.02      0.999991903298     -0.499997127304      0.998635686986
        114.42272226       1.038      0.999991903298     -0.499997127304       0.99863568101
        116.83818958       1.056      0.999991903298     -0.499997127304      0.998635680839
       119.229472396       1.073      0.999991903297     -0.499997127304      0.998635686374
       121.599000421       1.097      0.999991903297     -0.499997127304      0.998635693852
       123.990896788       1.097      0.999991903297     -0.499997127304      0.998635697881
       126.404638637       1.122      0.999991903297     -0.499997127304      0.998635695607
       128.822809836       1.147      0.999991903297     -0.499997127303      0.998635688468
       131.192499201       1.171      0.999991903297     -0.499997127303      0.998635681666
       133.564321431       1.195      0.999991903297     -0.499997127303      0.998635680128
       135.966737998       1.214      0.999991903296     -0.499997127303       0.99863568483
       138.383775935       1.232      0.999991903296     -0.499997127303      0.998635692875
       140.782822838        1.25      0.999991903296     -0.499997127303      0.998635697918
       143.161644855        1.25      0.999991903296     -0.499997127303      0.998635696636
       145.556183129       1.268      0.999991903296     -0.499997127303      0.998635689739
        147.94858897       1.286      0.999991903296     -0.499997127303      0.998635682341
       150.355432726       1.303      0.999991903295     -0.499997127303      0.998635679871
       152.714919725       1.322      0.999991903295     -0.499997127303      0.998635683907
       155.106600538       1.339      0.999991903295     -0.499997127303      0.998635691672
       157.513382353       1.356      0.999991903295     -0.499997127303      0.998635697446
       159.920897474       1.356      0.999991903295     -0.499997127303      0.998635697058
       162.302603041       1.373      0.999991903295     -0.499997127303      0.998635691001
       164.701798085       1.389      0.999991903295     -0.499997127302       0.99863568341
       167.098308533       1.406      0.999991903294     -0.499997127302      0.998635680007
       169.490143265       1.422      0.999991903294     -0.499997127302      0.998635682856
       171.876356694       1.439      0.999991903294     -0.499997127302      0.998635690233
       174.250940777       1.455      0.999991903294     -0.499997127302      0.998635696618
       176.652804648       1.472      0.999991903294     -0.499997127302       0.99863569768
       179.066833094       1.472      0.999991903294     -0.499997127302      0.998635692407
       181.448174601       1.489      0.999991903294     -0.499997127302      0.998635684663
       183.835246148       1.505      0.999991903293     -0.499997127302      0.998635680047
       186.237809486       1.522      0.999991903293     -0.499997127302      0.998635681849
       188.640053525       1.539      0.999991903293     -0.499997127302      0.998635688966
       191.019370984       1.555      0.999991903293     -0.499997127302      0.998635696058
       193.399571633       1.572      0.999991903293     -0.499997127302      0.998635698062
       195.807989078       1.572      0.999991903293     -0.499997127302      0.998635693575
       198.210244803       1.589      0.999991903293     -0.499997127302      0.998635685691
        200.60338765       1.605      0.999991903292     -0.499997127302      0.998635680413
       202.970141182       1.622      0.999991903292     -0.499997127301      0.998635681181
       205.376439008       1.639      0.999991903292     -0.499997127301      0.998635687643
       207.781778484       1.659      0.999991903292     -0.499997127301      0.998635694971
       210.174963508       1.674      0.999991903292     -0.499997127301      0.998635697967
       212.537361104        1.69      0.999991903292     -0.499997127301      0.998635694683
       214.936626543        1.69      0.999991903292     -0.499997127301      0.998635687265
       217.352103928       1.707      0.999991903291     -0.499997127301       0.99863568113
       219.752896798       1.723      0.999991903291     -0.499997127301      0.998635680582
       222.125155477        1.74      0.999991903291     -0.499997127301      0.998635686068
       224.506131152       1.757      0.999991903291     -0.499997127301      0.998635693708
       226.925027611       1.773      0.999991903291     -0.499997127301      0.998635698058
       229.323100006        1.79      0.999991903291     -0.499997127301      0.998635695878
        231.69691104       1.806      0.999991903291     -0.499997127301      0.998635688664
       234.081929273       1.806      0.999991903291     -0.499997127301      0.998635681696
       236.478862105       1.823       0.99999190329     -0.499997127301      0.998635679934
       238.894212352        1.84       0.99999190329       -0.4999971273      0.998635684909
       241.297598675       1.857       0.99999190329       -0.4999971273      0.998635692898
       243.677146104       1.874       0.99999190329       -0.4999971273      0.998635697953
       246.073124065       1.892       0.99999190329       -0.4999971273      0.998635696591
       248.480435584       1.909       0.99999190329       -0.4999971273      0.998635689605
       250.884655629       1.909       0.99999190329       -0.4999971273      0.998635682357
       253.264028845       1.927      0.999991903289       -0.4999971273      0.998635679902
       255.666436583       1.944      0.999991903289       -0.4999971273      0.998635684032
       258.070411357       1.962      0.999991903289       -0.4999971273      0.998635691651
        260.45528474        1.98      0.999991903289       -0.4999971273      0.998635697266
       262.837978993       1.998      0.999991903289       -0.4999971273      0.998635697042
       265.216313622       2.015      0.999991903289       -0.4999971273      0.998635691113
       267.620023252       2.032      0.999991903289       -0.4999971273      0.998635683688
       270.031883949       2.032      0.999991903289       -0.4999971273       0.99863568003
       272.406582744       2.049      0.999991903289       -0.4999971273      0.998635682792
       274.799372406       2.066      0.999991903288     -0.499997127299      0.998635690071
