# 
# 
# kX: sum[specX] density
0.036971619, 9.7956866e-13
0.073943237, 2.0807775e-12
0.11091486, 4.357704e-12
0.14788647, 8.0568495e-12
0.18485809, 1.2888398e-11
0.22182971, 1.7962184e-11
0.25880133, 1.8790465e-11
0.29577295, 1.0757311e-11
0.33274457, 3.2886838e-12
0.36971619, 3.7358011e-14
0.4066878, 2.6731241e-12
0.44365942, 1.1709918e-11
0.48063104, 2.1834098e-11
0.51760266, 2.6346306e-11
0.55457428, 1.5959165e-11
0.5915459, 1.6457646e-12
0.62851751, 4.1451934e-12
0.66548913, 2.1781639e-11
0.70246075, 2.8719135e-11
0.73943237, 1.1435536e-11
0.77640399, 4.2340381e-13
0.81337561, 2.0557958e-11
0.85034723, 3.1482055e-11
0.88731884, 7.294109e-12
0.92429046, 6.2661163e-12
0.96126208, 3.6555451e-11
0.9982337, 1.8131591e-11
1.0352053, 3.5541917e-12
1.0721769, 4.4454989e-11
1.1091486, 1.8853571e-11
1.1461202, 1.2342881e-11
1.1830918, 6.195096e-11
1.2200634, 4.0888204e-12
1.257035, 6.1490873e-11
1.2940066, 5.3987338e-11
1.3309783, 3.0608395e-11
1.3679499, 1.3966001e-10
1.4049215, 5.6932118e-12
1.4418931, 2.7149401e-10
1.4788647, 4.1316739e-13
1.5158364, 5.6650821e-10
1.552808, 6.2902736e-12
1.5897796, 1.5489458e-09
1.6267512, 8.7007389e-13
1.6637228, 6.3914701e-09
1.7006945, 1.2272719e-09
1.7376661, 5.1865762e-08
1.7746377, 1.6448279e-07
1.8116093, 7.0590015e-06
1.8485809, 3.1006955e-05
1.8855525, 4.5005256e-05
1.9225242, 2.426822e-05
1.9594958, 3.7320795e-06
1.9964674, 1.7006307e-08
2.033439, 1.4604596e-08
2.0704106, 1.0299629e-09
2.1073823, 9.5874336e-11
2.1443539, 2.2729593e-10
2.1813255, 5.1371963e-11
2.2182971, 3.8016044e-14
2.2552687, 9.6387117e-12
2.2922403, 7.3052355e-12
2.329212, 1.3271115e-12
2.3661836, 2.3884032e-14
2.4031552, 5.589883e-13
2.4401268, 5.4421839e-13
2.4770984, 2.1123693e-13
2.5140701, 2.9305619e-14
2.5510417, 1.7102623e-15
2.5880133, 2.3886204e-14
2.6249849, 3.1887014e-14
2.6619565, 2.1239641e-14
2.6989282, 1.1077396e-14
2.7358998, 9.7632466e-14
2.7728714, 2.3879086e-11
2.809843, 2.3079642e-10
2.8468146, 4.4707284e-10
2.8837862, 1.5718531e-10
2.9207579, 7.6082859e-12
2.9577295, 5.7096129e-15
2.9947011, 3.4490961e-17
3.0316727, 9.4982309e-17
3.0686443, 1.618844e-16
3.105616, 2.2312679e-16
3.1425876, 6.8644736e-16
3.1795592, 2.100263e-17
3.2165308, 1.0655478e-18
3.2535024, 1.1197586e-17
3.290474, 2.2824775e-17
3.3274457, 1.5495045e-17
3.3644173, 1.2150831e-17
3.4013889, 2.5496793e-17
3.4383605, 2.2487437e-17
3.4753321, 6.4014427e-16
3.5123038, 1.2463849e-14
3.5492754, 1.8674197e-15
3.586247, 9.9282832e-16
3.6232186, 1.8260651e-16
3.6601902, 5.540119e-18
3.6971619, 1.201612e-17
