# 
# kRn: sum[Orbital&Phi,specRn] (Phi,Eta) = (0,0)  (0,1)  (0,2)  (0,3) 
0.0226404, 1.1327515e-11, 2.9337641e-11, 2.4448666e-14, 9.1888136e-17
0.0452808, 1.0202578e-11, 1.1880293e-10, 3.4533518e-13, 5.8522569e-15
0.0679212, 3.6686092e-12, 2.6561989e-10, 7.4212048e-13, 7.0256128e-14
0.0905616, 1.3435409e-14, 4.4827483e-10, 1.1175967e-14, 3.9984907e-13
0.113202, 1.1198756e-12, 6.0168933e-10, 3.9568069e-12, 1.5490636e-12
0.1358424, 3.5483198e-13, 6.3382276e-10, 5.1384034e-12, 4.3146498e-12
0.1584828, 5.3725442e-14, 4.9314297e-10, 2.1989929e-12, 8.7036992e-12
0.1811232, 2.3882782e-13, 2.5508753e-10, 4.9803779e-12, 1.2114809e-11
0.2037636, 3.3985837e-13, 7.3644332e-11, 3.9512385e-12, 1.0621568e-11
0.226404, 8.2726396e-16, 8.0531378e-12, 7.2252338e-15, 5.3388673e-12
0.2490444, 2.0241395e-13, 9.4595841e-14, 1.0115234e-12, 1.3292428e-12
0.2716848, 1.6978813e-12, 1.178032e-13, 1.9167657e-14, 1.3388303e-13
0.2943252, 1.8198106e-10, 1.2232376e-14, 4.7036677e-11, 3.4118108e-15
0.3169656, 1.8895113e-09, 9.5082683e-16, 9.0651305e-10, 5.8336993e-17
0.339606, 1.1619636e-08, 2.5063249e-15, 2.0186749e-08, 4.1905142e-16
0.3622464, 5.657587e-08, 2.9166307e-14, 9.4491582e-08, 7.0166067e-15
0.3848868, 7.5067548e-08, 1.6636983e-14, 1.0042322e-07, 2.3902734e-15
0.4075272, 1.7281578e-08, 2.4458104e-14, 1.899625e-08, 5.7828514e-15
0.4301676, 3.5376344e-10, 4.3734034e-11, 3.2475214e-10, 7.6851467e-12
0.452808, 2.4204417e-12, 1.9475746e-07, 1.0540561e-11, 2.7556302e-08
0.4754484, 7.5942251e-12, 5.2660545e-05, 1.2268089e-11, 6.4781899e-06
0.4980888, 6.6992585e-12, 0.00029651539, 3.1056311e-11, 3.2520408e-05
0.5207292, 1.4836586e-10, 7.0409939e-05, 7.9891049e-10, 7.3476675e-06
0.5433696, 1.0261157e-11, 1.6732969e-07, 4.1378556e-11, 1.888275e-08
0.56601, 5.5464857e-07, 4.6076001e-13, 1.8368935e-06, 1.9248929e-13
0.5886504, 0.0079139047, 1.0222268e-08, 0.025001464, 3.8030723e-09
0.6112908, 0.018035241, 2.472009e-08, 0.054714206, 9.0099411e-09
0.6339312, 5.7834087e-06, 3.5797458e-11, 1.7385338e-05, 1.4624538e-11
0.6565716, 2.0496252e-09, 1.4068941e-07, 5.7951915e-09, 6.0482188e-08
0.679212, 1.0875758e-10, 0.00017931405, 2.4877541e-10, 7.6700773e-05
0.7018524, 2.5575978e-10, 0.0002142272, 5.6995438e-10, 9.1668269e-05
0.7244928, 1.0954374e-09, 1.3397607e-07, 2.2470393e-09, 5.5850038e-08
0.7471332, 4.2106866e-05, 8.9168995e-11, 7.8348503e-05, 2.7034299e-11
0.7697736, 0.014256243, 2.2751198e-08, 0.02481629, 6.433778e-09
0.792414, 1.1102908e-05, 2.8451618e-11, 1.7861231e-05, 8.9071862e-12
0.8150544, 9.3820017e-10, 2.2771936e-07, 1.4214693e-09, 1.1103957e-07
0.8376948, 3.4910707e-11, 6.1995575e-05, 7.524789e-11, 3.1110986e-05
0.8603352, 4.7048593e-14, 1.2872229e-06, 4.2383995e-14, 6.5022499e-07
0.8829756, 5.7016323e-10, 7.8656895e-13, 1.5159134e-09, 3.7613229e-13
0.905616, 2.3388244e-08, 7.7029955e-14, 6.2650104e-08, 6.4370378e-14
0.9282564, 2.7625349e-10, 2.0731064e-15, 7.2764065e-10, 1.5673267e-15
0.9508968, 8.1474451e-16, 8.0833076e-12, 7.0721771e-16, 4.8576757e-12
0.9735372, 3.9284593e-17, 2.4128774e-11, 7.598502e-18, 1.0624859e-11
0.9961776, 2.1466899e-17, 2.1824713e-14, 5.5245441e-18, 6.4248708e-15
1.018818, 8.9542355e-15, 9.8746714e-21, 6.7285817e-15, 9.5619642e-22
1.0414584, 3.7192163e-16, 4.4790251e-21, 1.0206156e-16, 1.6756808e-21
1.0640988, 3.4839222e-18, 1.3062593e-18, 1.3992404e-18, 1.8542836e-18
1.0867392, 1.4902073e-16, 3.0677869e-17, 4.8296923e-17, 3.3135013e-18
1.1093796, 1.8541792e-17, 3.5490758e-21, 6.3138592e-18, 4.769316e-21
1.13202, 9.2862178e-17, 5.2247188e-23, 2.1928017e-17, 1.8767579e-22
1.1546604, 2.579507e-18, 6.2105844e-19, 3.6731974e-19, 5.792099e-17
1.1773008, 3.0890709e-17, 5.167389e-19, 4.7270487e-18, 6.6831926e-18
1.1999412, 6.1749191e-17, 3.5168773e-18, 1.2223877e-17, 2.4684049e-18
1.2225816, 3.1858855e-16, 6.1459583e-22, 4.0324473e-16, 6.2063655e-22
1.245222, 7.7549947e-17, 1.6802312e-16, 4.3946836e-17, 3.5613797e-17
1.2678624, 2.4081443e-17, 5.663383e-13, 2.8657477e-18, 2.0626837e-13
1.2905028, 9.1362215e-16, 2.1624304e-14, 4.2389134e-14, 8.0485767e-15
1.3131432, 2.2675068e-11, 7.1017969e-16, 6.8618782e-10, 8.7787555e-16
1.3357836, 7.2079894e-14, 6.0046472e-14, 2.5085346e-12, 3.3469832e-12
1.358424, 5.5433826e-15, 5.2594377e-09, 1.9413538e-13, 1.9295585e-07
1.3810644, 5.3481514e-13, 1.1767052e-14, 1.7695374e-11, 8.7802718e-13
1.4037048, 8.3375102e-11, 3.3783357e-15, 2.9922281e-09, 7.7791979e-15
1.4263452, 5.5567052e-16, 2.7295862e-10, 2.2621013e-14, 1.0207834e-08
1.4489856, 1.9256383e-15, 1.7151758e-09, 6.0442777e-14, 6.1828397e-08
1.471626, 3.328333e-11, 1.0871553e-15, 9.5147243e-10, 2.0941293e-15
1.4942664, 9.2059416e-13, 1.4697261e-15, 2.4442764e-11, 8.9783689e-16
1.5169068, 1.854252e-15, 1.409994e-09, 4.4788012e-14, 4.4981536e-08
1.5395472, 1.5143043e-13, 5.3580858e-16, 3.2363484e-12, 2.1713717e-15
1.5621876, 1.3421989e-12, 4.3422703e-17, 3.324589e-11, 1.7597643e-16
1.584828, 8.5466572e-19, 1.0481784e-13, 1.265206e-18, 3.6750064e-13
1.6074684, 1.1565865e-18, 5.1189053e-16, 4.6263949e-18, 2.0157109e-15
1.6301088, 5.4257646e-17, 4.8725008e-22, 2.1784406e-16, 1.2628841e-21
1.6527492, 5.6915129e-19, 5.4637338e-20, 1.585124e-19, 1.6256749e-19
1.6753896, 8.8742121e-19, 1.0988341e-21, 2.6993075e-19, 5.1155463e-21
1.69803, 5.1999291e-20, 2.2924202e-24, 1.0922231e-20, 6.6125309e-24
1.7206704, 5.0304557e-19, 2.1447682e-21, 2.336796e-19, 5.4329729e-21
1.7433108, 7.3495035e-20, 1.3976306e-22, 2.1842361e-20, 4.1554395e-22
1.7659512, 1.6341921e-19, 4.8785431e-23, 8.4069502e-19, 3.9455626e-22
1.7885916, 2.7347795e-20, 1.227697e-16, 2.1624792e-20, 6.807136e-16
1.811232, 4.4453993e-17, 1.2761877e-19, 1.2114921e-15, 7.6609747e-19
1.8338724, 1.4590432e-16, 1.9649052e-19, 2.9234493e-15, 4.5664941e-19
1.8565128, 2.9893597e-19, 1.0636602e-15, 1.7927471e-19, 1.754335e-15
1.8791532, 4.0069564e-15, 8.6289247e-20, 6.6624067e-14, 7.0077867e-20
1.9017936, 8.2500744e-18, 4.7234552e-17, 1.1188186e-16, 1.8479556e-17
1.924434, 2.6256856e-19, 2.9542872e-16, 7.1323342e-19, 2.1933588e-16
1.9470744, 6.5865564e-15, 9.3197272e-20, 7.8767949e-14, 1.0579993e-19
1.9697148, 1.5283167e-20, 4.4154388e-16, 1.8295314e-21, 5.6674364e-16
1.9923552, 5.498152e-17, 1.1738828e-19, 3.9213898e-16, 1.3393558e-19
2.0149956, 8.8199287e-18, 7.6390049e-20, 5.1740803e-17, 3.8179201e-19
2.037636, 8.1058592e-21, 4.9345667e-18, 6.6650963e-20, 3.423903e-17
2.0602764, 1.2697224e-19, 3.4258855e-24, 5.088733e-19, 1.8310871e-23
2.0829168, 1.1597927e-20, 1.1790493e-21, 8.8301588e-21, 5.6154854e-21
2.1055572, 6.7149781e-21, 3.9084464e-24, 1.8915527e-20, 1.2601457e-24
2.1281976, 2.6652557e-20, 9.1923623e-25, 2.2490028e-21, 1.4366795e-23
2.150838, 2.4607626e-20, 5.133859e-24, 8.6964117e-21, 3.7097441e-24
2.1734784, 1.8301407e-20, 6.3464344e-24, 3.6210258e-20, 1.3366022e-24
2.1961188, 1.0798331e-20, 6.3467477e-21, 5.7305788e-20, 3.3526407e-20
2.2187592, 8.0231911e-21, 8.7072762e-25, 7.0122085e-20, 1.7318876e-24
2.2413996, 5.4216361e-22, 8.4072131e-20, 4.1613282e-20, 3.543581e-19
2.26404, 1.3990255e-20, 1.4582452e-23, 1.8092581e-21, 1.9475098e-24
