# Ovr(Ndim&Phi.Phi.Eta.Rn.Rn)
# H0
# Exp0
#      Time            CPU <Ovr(Ndim&Phi.Phi.Eta.Rn.Rn)>                <H0>              <Exp0>
      -22.0639964782           0                   1     -0.513846256032      0.999999999959
      -20.6849966983      0.6845                   1     -0.513846168065      0.999999999959
      -19.3059969184       1.635                   1     -0.513841671145      0.999999999959
      -17.9269971385       2.746                   1     -0.513811491775      0.999999999959
      -16.5479973587       3.998                   1     -0.513709302594      0.999999999937
      -16.4439833683       3.998                   1     -0.513711352981      0.999999999929
      -13.7899977989       6.744                   1     -0.512941176673      0.999999960551
       -12.410998019        8.26                   1     -0.512037444199      0.999999432511
      -11.0641728966       9.483                   1     -0.510611539921      0.999995495996
      -11.0319982391       9.818                   1     -0.510608503032       0.99999529483
      -9.65299845923       11.52                   1     -0.508528420628      0.999975572654
      -8.27399867934       13.35                   1     -0.505699302247      0.999913848516
      -6.89499889945       15.14                   1     -0.502076137077      0.999772558791
      -5.75857596647       15.47                   1     -0.498257050878      0.999562756127
      -5.51599911957       17.13                   1     -0.497663255501      0.999503970893
      -4.13699933968       19.01                   1     -0.492541250505      0.999046224244
       -2.7579995598       21.01                   1     -0.486841905717      0.998341704952
      -1.37899977991       22.82                   1     -0.480756091058      0.997341793779
      -0.54852838064       23.45                   1     -0.478429246141      0.996572957536
   -2.4203306026e-11       24.66                   1     -0.474508976853      0.996004947277
       1.37899977986       26.48                   1     -0.468333789618      0.994319520122
       2.75799955975       28.39      0.999999999999      -0.46246906874      0.992300752317
       4.13699933963       30.25      0.999999999997     -0.457106004183      0.989981346648
       4.68006257489       30.25      0.999999999995     -0.457305521039      0.988993343398
       5.51599911952       32.08      0.999999999988     -0.452409330548      0.987437291427
       6.89499889941       33.88      0.999999999961     -0.448466984164      0.984748263265
         10.08067174       37.44      0.999999999015     -0.443150508302      0.978544245446
       12.4109980189       40.79       0.99999998508      -0.44012458352      0.974562341613
       13.7899977988       42.41      0.999999940351     -0.439452981674      0.972591705143
       15.1689975787       44.05       0.99999979389     -0.439095392403      0.970954919166
       15.5010028569       44.05      0.999999723484     -0.439126479573      0.970612967769
       16.5479973586       45.65      0.999999369943      -0.43893601724       0.96966405322
       21.0160844063       50.66      0.999990109979       -0.4388975251      0.967504933021
        26.528208432       56.85      0.999805304866     -0.439306075552       0.96710325177
       28.9589953776       59.83      0.999372890749     -0.440132415418      0.967099282559
       30.3379951575       61.34      0.998888331838     -0.441012624496      0.967099112252
       31.7169949374       62.86      0.998128426639     -0.442383820977      0.967099085441
       32.0519193778       62.86       0.99790353741     -0.442782096559      0.967099082495
       33.0959947173       64.37      0.997077647453     -0.444245875605      0.967099091199
       34.4749944971       65.84      0.995676356445     -0.446736336702      0.967099106593
        35.853994277       67.32      0.993955697487      -0.44977343589      0.967099128327
       37.2329940569       68.83      0.991895224144     -0.453418640931      0.967099145356
       37.5668868846       68.83      0.991353732611      -0.45437268656      0.967099151566
       38.6119938368       70.31      0.989557152181     -0.457534099538      0.967099165425
       39.9909936167       71.79      0.986986707216     -0.462060043138      0.967099183472
       41.3699933966       73.25       0.98429908186     -0.466785632581      0.967099191141
       42.7489931765       74.71       0.98158832095     -0.471558145253      0.967099199528
       43.0923219293       74.71      0.980922214829     -0.472730570564      0.967099197388
       46.8859925161       79.05      0.974272317319     -0.484415824527      0.967099173086
        48.264992296       80.45      0.972366562035     -0.487762685619      0.967099152924
       48.8439497043       80.45      0.971666159405     -0.488992232005      0.967099145656
       49.6439920759       81.88      0.970796606634     -0.490517473059      0.967099134132
       51.0229918558       83.31      0.969562184416     -0.492677980824      0.967099113331
       52.4019916357       84.74      0.968646156725     -0.494277622697      0.967099094512
       53.7809914156       86.15      0.968009185705     -0.495388034843      0.967099078618
       54.6057570342       86.15      0.967739054416     -0.495857191922      0.967099069491
       55.1599911954       87.56      0.967596444862     -0.496104012998      0.967099062378
       56.5389909753          89      0.967352402808     -0.496521642503      0.967099049711
       57.9179907552       90.43      0.967221423291     -0.496742228552      0.967099036469
       59.2969905351       91.85      0.967156882137     -0.496848409682      0.967099025861
       60.3442132117       91.85      0.967131501827     -0.496889161315      0.967099018285
        60.675990315       93.28      0.967126082659     -0.496897725951      0.967099016301
       62.0549900949       94.69      0.967111854418     -0.496919570014       0.96709900913
       63.4339898748       96.13      0.967105430959     -0.496929192583      0.967099003916
       64.8129896546       97.56      0.967102461792      -0.49693359623      0.967099000486
       66.1046761938       97.56      0.967101166675      -0.49693540278      0.967098999089
       66.1919894345       98.98       0.96710110606     -0.496935481379      0.967098999083
       68.9499889943       101.8      0.967099954384     -0.496937114346       0.96709899819
       70.3289887742       103.2      0.967099761002     -0.496937418597      0.967098997389
       71.7079885541       104.7      0.967099630876     -0.496937660416      0.967098998854
       71.8259244197       104.7      0.967099622511     -0.496937677335      0.967098999042
       74.4659881138       107.5      0.967099489983      -0.49693794599       0.96709900182
       75.8449878937         109      0.967099441256     -0.496938050438       0.96709900455
       77.5603377141       110.4      0.967099399238     -0.496938163261      0.967099010848
       78.6029874535       111.9      0.967099383375     -0.496938209576      0.967099014091
       81.3609870133       114.7       0.96709933965     -0.496938351534      0.967099025805
       82.7399867932       116.1      0.967099322758     -0.496938405822      0.967099032835
       83.1264951711       116.1      0.967099316981     -0.496938421211      0.967099033698
        84.118986573       117.5      0.967099310115     -0.496938443171      0.967099035343
       85.4979863529       118.9       0.96709929783     -0.496938472768      0.967099039509
       86.8769861328       120.4      0.967099288552     -0.496938495546      0.967099037151
       88.2559859127       121.8      0.967099284236     -0.496938504604      0.967099035842
        88.646757869       121.8      0.967099282989     -0.496938507519      0.967099034327
       89.6349856926       123.2      0.967099281282     -0.496938511724      0.967099028809
       91.0139854725       124.6       0.96709927956     -0.496938515644      0.967099022901
       92.3929852524         126      0.967099278456     -0.496938518074      0.967099013565
       93.7719850322       127.4      0.967099277237     -0.496938520772       0.96709900764
        94.161847901       127.4      0.967099277032     -0.496938520976      0.967099005939
       95.1509848121       128.8      0.967099276014     -0.496938522501      0.967099000276
        96.529984592       130.2      0.967099274959     -0.496938524506      0.967098998154
       97.9089843719       131.6       0.96709927319     -0.496938527488      0.967098994957
       99.2879841518         133      0.967099270629     -0.496938530831       0.96709899602
       99.6183005506       133.2      0.967099270442     -0.496938531241      0.967098996057
       100.666983932       134.4      0.967099268766     -0.496938535006      0.967098995438
       102.045983712       135.7      0.967099267037      -0.49693853833      0.967098996589
       103.424983491       137.1      0.967099263801     -0.496938546116      0.967098995923
       104.803983271       138.4      0.967099261961     -0.496938552439      0.967098995396
       104.914223256       138.4      0.967099261924     -0.496938552857      0.967098995316
       106.182983051       139.8      0.967099259685     -0.496938561616      0.967098994314
       107.561982831       141.1      0.967099256126     -0.496938573676      0.967098993218
       108.940982611       142.4      0.967099253484     -0.496938585592      0.967098992743
       110.257006792       143.2      0.967099250779     -0.496938599923      0.967098992398
       110.319982391       143.8      0.967099250682     -0.496938600456      0.967098992364
