# Ovr(Phi1.Phi2.Eta1.Eta2.Rn1.Rn2.Rn1.Rn2)
# H0
# Exp0
#      Time            CPU <Ovr(Phi1.Phi2.Eta1.Eta2.Rn1.Rn2.Rn1.Rn2)>                <H0>              <Exp0>
      -8.27399867932           0                   1      -2.90180985056                   1
      -6.27499889943        5.09      0.999999947091      -2.90176913833      0.999999947091
      -4.27599911954       11.01      0.999999894172      -2.90040528558      0.999999894172
      -2.27799955977       16.93      0.999999841432      -2.89537276682      0.999999841432
     -0.278999779886       22.86      0.999999782784      -2.88033599796      0.999999782797
       1.71899977989       29.21      0.999999355712      -2.86896083778      0.999999356499
       3.71799955977       34.77      0.999989386437      -2.85776542228      0.999989405737
       5.71599911954       41.86      0.999860302059      -2.85536205466      0.999860520774
       7.71499889943       46.62       0.99900558982      -2.85467943122      0.999006798879
        9.7129984592       53.24      0.996026720465       -2.8530468648      0.996030092827
       11.7119982391        56.5      0.990482355362        -2.849534176      0.990487130566
        13.710998019       60.44      0.984916715129      -2.84583750141       0.98492022098
