# Ovr(Phi.Eta.Rn.Rn)
# H0
# Exp0
# P1[0]
# P1[1]
# P1[2]
# P1[3]
# P1[4]
#      Time            CPU <Ovr(Phi.Eta.Rn.Rn)>                <H0>              <Exp0>             <P1[0]>             <P1[1]>             <P1[2]>             <P1[3]>             <P1[4]>
       -889.48318003           0                   1     -0.499999999988                   1                   1   1.69717314518e-23   3.11019673357e-24   7.14651919019e-21   1.55829451598e-20
       -881.48318003   6.802e-06      0.999999994312     -0.499999997143      0.999999994312      0.999999994312   1.70883440729e-23   9.52995840748e-21   1.98073797687e-20   1.57625215726e-20
       -873.48318003   6.802e-06      0.999999988625     -0.499999994299      0.999999988624      0.999999988624   1.69879145811e-23   1.09224595376e-19   4.22720099029e-20   1.63389399923e-20
       -865.48318003   6.802e-06      0.999999982937     -0.499999991455      0.999999982937      0.999999982937   1.70378293166e-23    4.2294849293e-19   5.92887602603e-20   1.73610414226e-20
      -861.903184432       1.258      0.999999980424     -0.499999990199      0.999999980424      0.999999980424   1.69865576196e-23   6.15282096975e-19   6.45246008303e-20   1.79528300404e-20
      -857.503184432       1.258      0.999999977296     -0.499999988635      0.999999977296      0.999999977296   1.68417490649e-23   8.91073069703e-19   6.45285313339e-20   1.87612591518e-20
      -849.503184432       1.624      0.999999971608     -0.499999985791      0.999999971608      0.999999971608   1.68520231003e-23     1.631767566e-18   7.63876896071e-20    2.0333102031e-20
      -841.503184432       1.624       0.99999996592     -0.499999982947       0.99999996592       0.99999996592   1.68501931745e-23   6.52638231956e-18   5.88157326249e-19   2.17165155886e-20
      -834.323188835       2.483      0.999999960848     -0.499999980411      0.999999960848      0.999999960848   1.70488679295e-23   2.79677729472e-18    9.2518923479e-19   2.24687983239e-20
      -833.523188835       2.483      0.999999960279     -0.499999980126      0.999999960279      0.999999960279    1.7085864215e-23   1.53784509282e-18   1.14244591083e-18    2.2515103585e-20
      -825.523188835       2.483      0.999999954592     -0.499999977283      0.999999954591      0.999999954591   1.71977816505e-23   1.05301649027e-17    2.6820022808e-18   2.23448119385e-20
      -817.523188835       2.483      0.999999948904     -0.499999974439      0.999999948904      0.999999948904   1.71763275508e-23   8.83707581185e-16   1.54760229961e-16   2.10388716062e-20
      -809.523188835       2.483      0.999999943216     -0.499999971595      0.999999943216      0.999999943216   1.69306963329e-23   1.67096164229e-14   2.68365841246e-15   1.86738688742e-20
      -806.743193237       3.734      0.999999941272     -0.499999970623      0.999999941272      0.999999941272   1.67842495215e-23   3.34702481957e-14   5.27808764859e-15   1.76447746363e-20
      -801.543193237       3.734      0.999999937575     -0.499999968774      0.999999937575      0.999999937575   1.63031511136e-23    1.0062836971e-13   1.63355042989e-14    1.5501760029e-20
      -793.543193237       3.734      0.999999931887      -0.49999996593      0.999999931887      0.999999931887   1.71798959172e-23   3.80807898993e-13   6.02418231469e-14   1.20707086091e-20
      -785.543193237       3.734        0.9999999262     -0.499999963086        0.9999999262      0.999999926198   1.87269350179e-23   7.66495787859e-13   1.20260399475e-13    9.2949408653e-21
      -779.163197639       4.974      0.999999921696     -0.499999960834      0.999999921696      0.999999921695   1.18150418683e-23   7.20196801825e-13   1.08711058088e-13   7.70074342884e-21
      -777.563197639       4.974      0.999999920559     -0.499999960266      0.999999920559      0.999999920558   1.29193434187e-23   6.11044073825e-13    8.9230961468e-14   7.47357944739e-21
      -769.563197639       4.974      0.999999914871     -0.499999957422      0.999999914871       0.99999991487   1.46563597798e-23    5.4467595543e-13   7.61331256586e-14   7.42717881235e-21
      -761.563197639         5.6      0.999999909183     -0.499999954567      0.999999909183       0.99999990916   1.31871669884e-22   1.27525542031e-11   2.05162032906e-12   9.77316320751e-21
      -753.563197639         5.6      0.999999903495     -0.499999951664      0.999999903495      0.999999903355    4.6696259709e-21    7.8158977692e-11     1.250163244e-11   1.17482836027e-20
      -751.583202041       6.237       0.99999990212     -0.499999950948       0.99999990212      0.999999901923    8.8369505517e-21   1.09900282958e-10   1.75560032239e-11   7.81272392976e-21
      -745.583202041       6.237      0.999999897854     -0.499999948687      0.999999897854      0.999999897399   4.91994686177e-20   2.54140161453e-10   4.04713564337e-11   3.94424362013e-20
      -737.583202041       6.237      0.999999892167     -0.499999945614      0.999999892167      0.999999891249   2.26684353504e-19   5.15554282791e-10   8.14592310505e-11   9.24976565733e-21
      -729.583202041       6.237      0.999999886479     -0.499999942696      0.999999886479      0.999999885405   3.33681764535e-19   6.11142052979e-10    9.5143215592e-11   1.36387389245e-19
      -724.003206444        7.52      0.999999882544     -0.499999940918      0.999999882544      0.999999881844   1.85313595405e-19   4.09676215298e-10   6.16771208337e-11   3.68747347605e-20
      -721.603206444       7.583      0.999999880838     -0.499999940192      0.999999880838       0.99999988039   1.08367289977e-19     2.712158356e-10   3.91272889273e-11   1.19470892742e-20
      -713.603206444       7.583       0.99999987515      -0.49999993731       0.99999987515      0.999999874625   9.88385385402e-20   3.15383378707e-10   4.60423073619e-11   8.25543930383e-21
      -705.603206444       7.583      0.999999869462     -0.499999930899      0.999999869462      0.999999861795    1.3032071916e-17   4.28689275134e-09   6.81373597356e-10   2.04796469346e-18
      -697.603206444       7.583      0.999999863775     -0.499999915959      0.999999863775       0.99999983184   2.47052030661e-16   1.78350493116e-08   2.83881161998e-09   3.19416186105e-17
      -696.423210846       8.795      0.999999862968     -0.499999912862      0.999999862968      0.999999825623   3.41134722425e-16   2.08626531078e-08   3.31950961435e-09   4.36348612383e-17
      -689.623210846       8.795      0.999999858134     -0.499999891677      0.999999858134      0.999999783034   1.44650493771e-15   4.20577426829e-08   6.67188260589e-09   1.93104734069e-16
      -681.623210846       8.795      0.999999852446     -0.499999870154      0.999999852446      0.999999739536   3.45077906436e-15   6.35380223568e-08   1.00216850112e-08    4.3402023604e-16
      -673.623210846       9.577      0.999999846758     -0.499999874814      0.999999846758      0.999999748351   2.89082466258e-15    5.6051685312e-08   8.71274929235e-09   3.48712087153e-16
      -668.843215248       10.09      0.999999843392     -0.499999893515      0.999999843392       0.99999978556   1.22047049691e-15   3.37515489358e-08   5.09534169166e-09   1.27723392643e-16
      -665.643215248       10.09      0.999999841117     -0.499999907503      0.999999841117      0.999999813483     4.877521266e-16   1.70569393016e-08   2.40582884635e-09   3.85587099132e-17
      -657.643215248       10.09      0.999999835429     -0.499999893309      0.999999835429      0.999999785042   7.77853203925e-16   2.97384695544e-08   4.42888143412e-09   7.82836156651e-17
      -649.643215248       10.09      0.999999829742      -0.49999966689      0.999999829742      0.999999331164   5.88809655575e-14   2.79594921851e-07   4.42813293239e-08   7.86921933525e-15
      -641.643215248       10.09      0.999999824054     -0.499999096996      0.999999824054      0.999998186984   6.73436663017e-13   9.16209864585e-07   1.45450961539e-07   8.88958558932e-14
      -641.263219651       11.34      0.999999823817     -0.499999062266      0.999999823816      0.999998117194   7.33459282931e-13   9.55172724157e-07   1.51629379103e-07   9.67315223159e-14
      -633.663219651       11.56      0.999999818413     -0.499998340459      0.999999818413      0.999996664458   2.60322912987e-12   1.76843350523e-06   2.80121467675e-07   3.37579549664e-13
      -625.663219651       11.56      0.999999812725     -0.499997959598      0.999999812725      0.999995890144   4.20541145068e-12   2.20894423978e-06   3.48083477957e-07   5.31653377303e-13
      -617.663219651       11.56      0.999999807037      -0.49999853317      0.999999807037      0.999997027856   2.31535980189e-12   1.58498196791e-06   2.45991887427e-07   2.74705728439e-13
      -613.683224053       12.59       0.99999980424     -0.499999112737       0.99999980424      0.999998185301   9.30069897099e-13   9.43056920659e-07   1.42671913334e-07   9.85549690041e-14
      -609.683224053       12.59      0.999999801396     -0.499999640712      0.999999801396      0.999999241323   2.68335586674e-13   3.55425167752e-07   4.84390180465e-08   1.94961777798e-14
      -601.683224053       12.59      0.999999795709     -0.499999082952      0.999999795709      0.999998123341   7.97562113627e-13   9.75366966415e-07   1.47344191491e-07   8.69203740764e-14
      -593.683224053       12.59      0.999999790021     -0.499993755139      0.999999790021      0.999987436652   3.75803282641e-11   6.93672282222e-06   1.09681724692e-06   4.94328406679e-12
      -586.103228455       13.87      0.999999784663     -0.499983557816      0.999999784663      0.999966957489    2.7587187981e-10   1.83911758131e-05   2.91589093567e-06   3.60706270734e-11
      -585.703228455       13.87      0.999999784379     -0.499982935148      0.999999784379       0.99996570598   2.97807575922e-10   1.90923060422e-05    3.0270246333e-06   3.89169951219e-11
      -577.703228455       13.87       0.99999977869     -0.499971589696       0.99999977869      0.999942864786   8.56981106888e-10   3.19298807184e-05    5.0539065733e-06   1.10480195257e-10
      -569.703228455       13.87         0.999999773     -0.499969413334         0.999999773      0.999938359015   1.03512541542e-09   3.45969256886e-05   5.44900371043e-06   1.30468274256e-10
      -561.703228455       13.87       0.99999976731     -0.499981767699       0.99999976731      0.999962995241   4.07378042089e-10   2.10052337198e-05   3.25348605392e-06   4.79121789142e-11
      -558.523232857       15.12      0.999999765082      -0.49998894813      0.999999765082      0.999977357405   1.74100314458e-10    1.3033519091e-05   1.97518017767e-06   1.85764786061e-11
      -553.723232857       15.12      0.999999761669     -0.499997401815      0.999999761669      0.999994282425   3.87988527964e-11   3.62061618732e-06   4.69252695308e-07   2.57072010606e-12
      -545.723232857       15.54      0.999999755981     -0.499986492087      0.999999755981      0.999972408397   2.05825360342e-10   1.58160021058e-05   2.41340524743e-06   2.35281948595e-11
      -537.723232857       15.54      0.999999750292     -0.499920441883      0.999999750292      0.999839893885   6.44656843383e-09   8.97963472815e-05   1.41894300114e-05   8.39769212786e-10
       -530.94323726       16.39      0.999999745495     -0.499826224006      0.999999745495       0.99965071469   3.15072286518e-08     0.0001955513554   3.09927699423e-05   4.09900404178e-09
       -529.74323726       16.39       0.99999974464        -0.499808435       0.99999974464      0.999614972987   3.84382959934e-08   0.000215553054812   3.41662783314e-05   4.99539950398e-09
       -521.74323726       16.39      0.999999738938     -0.499715216661      0.999999738938      0.999427333017    8.7177005976e-08   0.000320914514376   5.08138983659e-05   1.12106294455e-08
       -513.74323726       16.39       0.99999973323     -0.499727119359       0.99999973323      0.999450104628   8.30082344502e-08   0.000309431069853   4.87530456725e-05   1.04503393465e-08
       -505.74323726       17.53      0.999999727528     -0.499860487494      0.999999727528      0.999716525034   2.43589441103e-08   0.000162061465481    2.5041216708e-05   2.83555097502e-09
      -503.363241662       17.66      0.999999725866     -0.499908355225      0.999999725866      0.999812330311   1.19422950102e-08   0.000108845670559   1.65191378425e-05   1.28285139673e-09
      -497.763241662       17.66      0.999999721884     -0.499985605834      0.999999721884      0.999967068311   2.23225397764e-09   2.27330670476e-05   2.75821597413e-06   1.39092972666e-10
      -489.763241662       17.66      0.999999716194      -0.49986867369      0.999999716194      0.999732579561   1.93181747063e-08   0.000153531636211   2.35931053564e-05    2.2740930907e-09
      -481.763241662       17.66      0.999999710484     -0.499361198152      0.999999710484      0.998715050043    4.2268163976e-07   0.000720370487112   0.000113930808502   5.47632616999e-08
      -475.783246064       18.94      0.999999706218     -0.498809416183      0.999999706218      0.997609324007   1.48475753888e-06    0.00133438578639   0.000212010329027   1.92960102371e-07
      -473.783246064       18.94      0.999999704773     -0.498626958771      0.999999704773      0.997243780724   1.98229198284e-06    0.00153697172328   0.000244417248209   2.57539654409e-07
      -465.783246064       18.94       0.99999969898     -0.498148861495       0.99999969898      0.996284465448   3.66853173118e-06     0.0020693979702   0.000329392676578   4.73701925641e-07
      -457.783246064       19.51       0.99999969317     -0.498398814159       0.99999969317      0.996778067759   2.84210622976e-06    0.00180403880745    0.00028545619546   3.59152991837e-07
      -449.783246064       19.51      0.999999687404     -0.499291831649      0.999999687404      0.998559597374    6.3804452667e-07   0.000824884005969   0.000127138868205   7.31957796543e-08
      -448.203250466       20.23      0.999999686305     -0.499478633248      0.999999686305      0.998933215116    3.8047014079e-07   0.000618050815027   9.39343262873e-05   4.10593646762e-08
      -441.803250466       20.23      0.999999681747     -0.499939018441      0.999999681747      0.999855323667   6.43866256805e-08   0.000105400545769   1.20020827713e-05   3.88481062425e-09
      -433.803250466       20.23      0.999999676044     -0.499137560151      0.999999676044      0.998248667905   8.24447181131e-07    0.00100040061293   0.000154427258107   9.85943014573e-08
      -425.803250466       20.23       0.99999967022     -0.496453746661       0.99999967022      0.992889802078   1.30112405815e-05    0.00394360737796   0.000628169585954   1.68690647363e-06
      -420.623254869       21.52      0.999999666368     -0.494213081615      0.999999666368      0.988442779812   3.44541349101e-05    0.00633331247642    0.00102018204848   4.52574003768e-06
      -417.823254869       21.52      0.999999664216     -0.493100955551      0.999999664216      0.986244317763   4.88657146596e-05    0.00749710635153    0.00121361645058   6.45170730749e-06
      -409.823254869       21.52      0.999999657994     -0.491471529564      0.999999657994      0.983025760492   7.50965017557e-05    0.00918649341492    0.00149643642608   9.94505565517e-06
      -401.823254869       21.52      0.999999651753     -0.493284302671      0.999999651753      0.986569102276   4.86169432386e-05    0.00736131558671    0.00118475686123   6.25476865969e-06
      -393.823254869       21.52      0.999999645755     -0.497429505202      0.999999645755      0.994768641052   8.60135314272e-06    0.00299077099654   0.000459701783273   9.61997202517e-07
      -393.043259271        22.8      0.999999645218     -0.497818996851      0.999999645218      0.995544644715   6.54985836238e-06    0.00256738584321   0.000390927279613   7.05560216663e-07
      -385.843259271        22.8       0.99999964006      -0.49976156376       0.99999964006      0.999429945132   1.07489839628e-06   0.000419940030639   4.66934616718e-05   6.25623838135e-08
      -377.843259271       23.49      0.999999634286     -0.495897738705      0.999999634286      0.991703860249   1.84599188472e-05    0.00468601560727     0.0007258061842    2.2066638787e-06
      -369.843259271       23.49      0.999999627989     -0.485437987242      0.999999627988      0.971174374218   0.000209925806305     0.0153121655622    0.00251508243902   2.78173549258e-05
      -365.463263673        24.1      0.999999624206     -0.478771319048      0.999999624204      0.958389118975    0.00042920470904     0.0214046518414    0.00361344941653   5.90202373572e-05
      -361.863263673        24.1      0.999999620834      -0.47410200846      0.999999620832       0.94957003824    0.00062222839382     0.0253794976979    0.00435995541839   8.75353046342e-05
      -353.863263673        24.1      0.999999612979      -0.47042977456      0.999999612977      0.942687110288   0.000801186946537     0.0283633116933    0.00493725041478   0.000114254190659
      -345.863263673        24.1      0.999999605311     -0.478696495163      0.999999605308       0.95813166809   0.000452223492066     0.0216009118041    0.00363842334994   6.10606271466e-05
      -337.883268076       25.49      0.999999598684     -0.492939693993       0.99999959868      0.985631372507   6.74045789391e-05    0.00815970451765    0.00124838371146   7.16696676918e-06
      -329.883268076       25.49      0.999999592869     -0.499060344759       0.99999959286      0.997813574191   1.16566006436e-05    0.00155632443002   0.000175532060879   6.29414806903e-07
      -321.883268076       25.49       0.99999958681     -0.485119147889      0.999999586709      0.970214829075   0.000236536508622     0.0162659562597    0.00254654156204   2.75817351446e-05
      -313.883268076       25.49      0.999999578851     -0.453657961577      0.999999578027      0.911633633427    0.00182367557949     0.0412965007705    0.00744579117279   0.000264636782211
      -310.303272478       26.93      0.999999574287     -0.438664326384      0.999999572627      0.885443819194    0.00290600118916     0.0500566198438    0.00942602545035   0.000451067242724
      -305.903272478       26.93      0.999999567582     -0.424147937641      0.999999564281      0.861069381445     0.0040735840625     0.0570440480484     0.0111286397858   0.000658828698793
      -297.903272478       27.46      0.999999553939     -0.419593636694      0.999999546462      0.853549809042     0.0044890235323     0.0589411015159     0.0116554992203   0.000736611321206
      -289.903272478       27.46      0.999999541859     -0.446851510609      0.999999531057      0.899351349638    0.00238683664602     0.0456457924157    0.00839848217267    0.00035358724539
       -282.72327688       28.62       0.99999953424     -0.481650655825      0.999999522454      0.962952599452   0.000441119659695     0.0203164533311    0.00317661020761   4.70332259493e-05
       -281.92327688       28.62      0.999999533555     -0.484897015874       0.99999952178      0.969217114363    0.00033196250081      0.017304227895    0.00262788134376   3.26093476845e-05
       -273.92327688       28.62      0.999999527507     -0.496551533263      0.999999516285      0.992222966146   9.00136698652e-05    0.00531089104866   0.000594489577674   4.65094628286e-06
       -265.92327688       29.45      0.999999520503     -0.457267393462       0.99999948477      0.916679382134    0.00179701873814     0.0414088337958    0.00683409836851   0.000198538620026
       -257.92327688       29.45      0.999999506991     -0.381813236792       0.99999918341      0.792717887081    0.00820823438523     0.0725778952831     0.0155629869311    0.00149527346182
      -255.143281282       30.11      0.999999499403     -0.356080161509       0.99999887292      0.755902993248     0.0104552893745     0.0773516474316     0.0169290843295    0.00196011610827
      -249.943281282       30.11      0.999999478594     -0.321404502096      0.999997835754      0.709772359507      0.013441155202     0.0810676926434     0.0189473813002    0.00258823608396
      -241.943281282       30.11      0.999999419895      -0.32345720356       0.99999599404      0.712038627702     0.0133383254533     0.0807507463812     0.0187068193169    0.00259425076947
      -233.943281282       30.11       0.99999927191     -0.392795312158      0.999994687269      0.808935783201    0.00743355677962     0.0700467842256     0.0145877632928    0.00126436660009
      -227.563285685       31.83      0.999999065582     -0.460690871176       0.99999440851       0.92175585947     0.0018726420023     0.0398717476547    0.00668917303774   0.000218057320978
      -225.963285685       31.83      0.999999018385      -0.47391174511      0.999994431268      0.946435236333    0.00110485737393     0.0297345858697    0.00454704840688   0.000104011461624
      -217.963285685       31.83       0.99999889188     -0.489234845762      0.999994871635      0.976142561463   0.000500968751956     0.0158927847297    0.00169491309569   3.12500829146e-05
      -209.963285685       31.83      0.999998933943     -0.400213598727       0.99999195675      0.815709780271    0.00801025825457     0.0735603510114     0.0146331410014   0.000879955569362
      -201.963285685       33.44      0.999998993293     -0.252328220143      0.999960775199      0.623498447266     0.0188701998641     0.0815167930855      0.019076084238    0.00427891762271
      -199.983290087       33.95      0.999998900257     -0.219060687443      0.999938476866      0.589406620151     0.0206963778762     0.0806703506013     0.0198726821021    0.00426123780062
      -193.983290087       33.95      0.999997077714     -0.154478322577      0.999858690275      0.529352455414     0.0239420060465     0.0758206616378     0.0206482588587    0.00573658440027
      -185.983290087       33.95      0.999984258856     -0.180634955756       0.99974982901      0.551047965933      0.022826173404      0.077502195144     0.0209639313922    0.00523488314918
      -177.983290087       35.43      0.999951850271     -0.321371265309      0.999693353339      0.705136030718     0.0146250187542     0.0820451758796     0.0194460416391    0.00288499201729
      -172.403294489       35.89      0.999933729998     -0.429202602831      0.999687052817      0.862059088124    0.00520798125926     0.0619098949058     0.0116432053817   0.000722987155203
      -170.003294489       35.89      0.999927629261     -0.461909265837      0.999690773176      0.920817041834    0.00260594400698     0.0429352152735    0.00668908792893   0.000257086677398
      -162.003294489       35.89      0.999921848008     -0.472358697939      0.999718260159      0.939243503125    0.00195681034525     0.0394418203364    0.00392702915491   0.000162834382145
      -154.003294489       35.89      0.999935269039     -0.306788532463      0.999607715976      0.672318404087     0.0199867067526     0.0868828935219     0.0270483390989    0.00286793047448
      -146.003294489       37.42      0.999936214004    -0.0672906086986      0.998772139452      0.452134174703      0.025889033276     0.0655674257341      0.017566342398    0.00500549120139
      -144.823298892       37.74      0.999924353612     -0.036937562328      0.998590271212      0.431338840571      0.026561797705     0.0642314363055      0.020544527678    0.00577782101141
      -138.023298892       37.74      0.999776375856     0.0583051277377      0.997211899961      0.374950980287     0.0272177093756     0.0534119842648     0.0171536854134    0.00663643535677
      -130.023298892       37.74      0.999172077838    -0.0172171261189      0.996011958943      0.414719737384     0.0277309288305     0.0623094403159     0.0172343319654    0.00659292435963
      -122.023298892       37.74      0.998410174462     -0.249522625328      0.995487941739      0.614029732313      0.021040536676      0.082484413511     0.0200263792251    0.00415210937311
      -117.243303294       39.69      0.998172013021     -0.389154875995      0.995472138581      0.791121994683    0.00939275078296      0.076700604143      0.017572828407    0.00189590238083
      -114.043303294       39.69      0.998068618091      -0.44884905442       0.99553314512      0.894425517669    0.00425992429828     0.0525140606309    0.00864196223133   0.000650179021557
      -106.043303294       39.69      0.998081780847     -0.439122289386      0.995830416455       0.87087049831    0.00515204364439     0.0767003860734    0.00633794820866   0.000711517257332
      -98.0433032939       39.69      0.998381872392     -0.188712694217       0.99467516635      0.523684620581     0.0295655552744     0.0689455911057     0.0391157242358    0.00781468601876
      -90.0433032939       41.41      0.998059664815      0.132440622446      0.988816130921      0.320722154412     0.0273409599356     0.0457724852904     0.0190215628635    0.00758952366463
      -89.6633076961       41.63      0.998012058094      0.145279102546      0.988392906438      0.314110010017     0.0270624696787     0.0459260648505     0.0183084671882    0.00815936844179
      -82.0633076961       41.63      0.995548036457      0.255940391721      0.981493384402      0.270381041741     0.0256355114046     0.0395516337175     0.0107109709796    0.00765712753815
      -74.0633076961       41.63      0.991146797341      0.114815344216      0.976880546236      0.327442791975      0.025679594384     0.0470332488892     0.0141424661018    0.00617248994044
      -66.0633076961        43.4      0.987377951635     -0.201348152404      0.975277829635      0.551708721886     0.0243453269424     0.0811833468467     0.0163597901729    0.00402436452367
      -62.0833120984       43.76      0.986400926469     -0.344109085995       0.97520377812      0.718903836085     0.0113688349523     0.0802260524061     0.0216298062852    0.00300667932861
      -58.0833120984       43.76      0.985824743351     -0.431519719678      0.975540003069      0.864964662222    0.00471091159419     0.0522330722938     0.0112388991334    0.00147663824535
      -50.0833120984       43.76      0.986113891278     -0.389021210543      0.976183849519      0.778009860879    0.00917079062078      0.110309377535    0.00777328812994    0.00220100983454
      -42.0833120984       43.76      0.987566978144    -0.0762402201683      0.970801251804      0.406009386927     0.0289694565929     0.0467704953025     0.0390736554129     0.0128212970516
      -34.5033165007       45.84      0.985738932144      0.257526851955      0.956970457541      0.247653869658     0.0266182284432      0.033607583407     0.0122254976926    0.00925667421344
      -34.1033165007       45.84      0.985489099306       0.27164016406       0.95625025186      0.241568751589     0.0253649111606     0.0346078585354     0.0104256287541    0.00897404445125
      -26.1033165007       45.84      0.976419038679      0.353329764629      0.941399123004      0.219392366773     0.0190397054131     0.0302934897772    0.00994261296506     0.0066092694129
      -18.1033165007       45.84      0.964627268541      0.166992114898       0.93314834367      0.280686392088     0.0255481775818     0.0407826978524     0.0136790214733    0.00784087361464
      -10.1033165007       47.38      0.956480512546     -0.197628342951      0.930623225526      0.533164922004     0.0175118722364     0.0673300465703     0.0286929728864    0.00694062688972
      -6.92332090298       48.03      0.954762430635     -0.304979598624      0.930652770423      0.654158952631     0.0168993663499     0.0828883595667     0.0190795765841    0.00245337567342
      -2.12332090298       48.03      0.953308836428     -0.406087356524      0.931416351193      0.820197828767    0.00904854208728     0.0505195304632    0.00503834168356    9.5896750791e-05
       5.87667909702       48.03      0.954060522039     -0.336094489429      0.931102749768      0.683303749765     0.0201562352143      0.122216288398    0.00932287967117   0.000517025435531
        13.876679097       49.38      0.956328240778    -0.0104793730005      0.922474985259      0.340022477364     0.0179611224762     0.0467967325264      0.013325860249     0.0154108421139
       20.6566746947       50.54      0.952275770272      0.258039515482      0.905987893243      0.229239035136     0.0157084696446     0.0300900496397    0.00726074741141    0.00702207825288
       21.8566746947       50.54      0.951438433306      0.287309110423       0.90214684097      0.226383008324     0.0203096672012     0.0238961046171     0.0068807701596     0.0045346606632
       29.8566746947       51.37      0.937638707634      0.316856340522      0.885101502326       0.20147361949     0.0263428662111     0.0312040864346     0.0107098850861    0.00781004095712
       37.8566746947       51.37      0.922152160494      0.120789592625      0.876399384583      0.282732415172     0.0225942778647      0.046645768291    0.00725049267992    0.00459751437307
       45.8566746947       51.37      0.911793164398     -0.219185927485      0.874024089464      0.524135944807     0.0241591722396     0.0793020712568     0.0118226433174    0.00313568522847
       48.2366702925       52.89      0.909617373081     -0.286767205671      0.874010226937      0.616951065486     0.0110236910821     0.0733536519689     0.0197059668068    0.00404058720531
       53.8366702925       53.36      0.907201974654     -0.390140755163      0.874653052378      0.792378357983    0.00202274831717     0.0349560640436    0.00864730642532     0.0027184608024
       61.8366702925       53.36      0.906867775049     -0.296747379469      0.873203176673      0.616760104408     0.0111805613142      0.114769651892    0.00385313803013    0.00319094339624
       69.8366702925       53.36      0.908992076178    -0.0212775487913       0.86478473503      0.336068387933     0.0222293460464     0.0399380783123     0.0215447855285     0.0110496396637
       75.8166658902       55.26      0.906249046372      0.162686947357      0.853342455538      0.254055084124     0.0248870904107     0.0308553003281     0.0196898720235    0.00675224096107
       77.8166658902       55.35      0.901949217777      0.203841697507      0.850150469748      0.230936193902     0.0263030658721     0.0349211724076    0.00764568537433    0.00861629212713
       85.8166658902       55.35      0.890603404545      0.179667197548      0.838640209631      0.240163212218     0.0177331057229     0.0411440051486    0.00560187112485    0.00704707827708
       93.8166658902       55.35      0.878530681165     0.0026203366818      0.833064953035      0.345051959923     0.0132890563709     0.0421672520262     0.0122042524471    0.00286087789402
        101.81666589       57.35      0.870630199092     -0.266451136589      0.829691553698      0.574681760134       0.01365334657     0.0679086439627     0.0233432073501    0.00225028631735
       103.396661488       57.54      0.869454647501     -0.298587891582      0.829574468594      0.622792536173     0.0100344378456     0.0769155918103      0.011326571281   0.000957404261234
       109.796661488       57.54      0.865804363338     -0.381963205673      0.830146864424      0.769253207574    0.00333790261024     0.0324513477428    0.00121697241726   7.93131385962e-05
       117.796661488       57.54      0.864024569733     -0.294285521641      0.829541365845      0.610258872275     0.0141653939207     0.0784246923194       0.01897633798   0.000620660482169
       125.796661488       57.54      0.862156140315    -0.0906140452508      0.826225153582      0.392786403681      0.013388220803     0.0578965447322    0.00794470383922    0.00499119637438
       130.976657086       59.56       0.85947988572     0.0185040293697      0.820668032177      0.313206284824     0.0270611192715     0.0485209994059     0.0193004847018    0.00526090362905
       133.776657086       59.56      0.858332831973     0.0453081380837      0.819281170811      0.305532732669     0.0162024699199     0.0516584200753     0.0112088548393     0.0066547644696
       141.776657086       59.56      0.853228182715    0.00921837678442      0.813337875086       0.32770709569     0.0152853912303     0.0446056925129    0.00697092192484    0.00550241394387
       149.776657086       59.56      0.847113248505     -0.134915976839      0.810186835536      0.432709447393     0.0151664522617     0.0658942066657     0.0148069610038    0.00810577293578
       157.776657086       61.33      0.840637631265      -0.31757741801      0.808805899422      0.646102578033    0.00910271224698      0.062675004205     0.0138958076135    0.00130351896436
       158.556652683        61.6      0.840185119963     -0.328315333316       0.80862956979       0.66499669174    0.00733388854092     0.0565139826353      0.014620279223    0.00157185789599
       165.756652683        61.6      0.836693910388     -0.387377808189       0.80791464404      0.775136334293    0.00175573099838     0.0124565769536    0.00484517295329    0.00142362770435
       173.756652683        61.6      0.834858246598     -0.318573924411      0.808417464818      0.647420622654    0.00733504554458     0.0651302099729    0.00569058094896    0.00201467057362
       181.756652683        61.6      0.832774945546     -0.195260118383      0.806617440944      0.491155443596     0.0155947561187     0.0616065295264      0.018662590168    0.00457957164721
       186.136648281       63.51      0.830492458132     -0.135662401866       0.80469374658      0.433436183179     0.0194728821122     0.0630565722382     0.0112248166102    0.00467171496248
       189.736648281       63.51      0.829236180318     -0.116566750341      0.803272653054      0.418770465696     0.0152504155874     0.0602305588581     0.0197465780645    0.00232621496654
       197.736648281       63.51      0.826714142352      -0.14838418432      0.800633131373      0.443317016081     0.0143404942727     0.0622801237423     0.0128380608904     0.0016760907885
       205.736648281       63.51       0.82151590298     -0.252231839481      0.798914915742      0.554442946566     0.0182737934036     0.0677425795977     0.0130961724896    0.00214871572836
       213.716643879       65.41      0.818802641255     -0.361106091782      0.797924153743      0.725584826109   0.000226905299806     0.0325569608411    0.00605972979684   0.000102218793944
       221.716643879       65.41      0.815556526608     -0.390893404749      0.797466114892      0.781798737571   0.000498009099222    0.00764821531432   0.000571413911621   3.56998331148e-05
       229.716643879       65.41      0.813357772921     -0.349631036518      0.797607003607      0.701572628709    0.00451262101934      0.047734631619    0.00724417196346   0.000410562414455
       237.716643879       65.41      0.812310478037     -0.276463544085      0.796923171038      0.593358071811     0.0101707758507     0.0546268553938     0.0159191833836    0.00404673657611
       241.296639477       67.26      0.812325756331     -0.257543973535      0.797032896829      0.564694167152    0.00698869082318     0.0721885898104     0.0134998169056    0.00142893310916
       245.696639477        67.3      0.812470702584     -0.257009374376      0.797229617683      0.566571584742     0.0111170395209     0.0668996384131     0.0172141666601    0.00289325185448
       253.696639477        67.3      0.811942535575     -0.264938769633      0.797364603097      0.575337298297     0.0111636210242     0.0662966009333    0.00880287715936    0.00126551807598
       261.696639477        67.3      0.810695287987     -0.336703878779      0.796885013756      0.681224935181    0.00443654576305     0.0484893456476    0.00884138283257    0.00051009939285
       268.876635074       69.07       0.81011514081     -0.374896987041      0.796324478164      0.750529073625   0.000601713189823     0.0205240863525    0.00292320820483   0.000126809189283
       269.676635074       69.07      0.810026078698     -0.379264371846      0.796277786707      0.758984195234   0.000385736442021      0.016223110839    0.00224746489721   0.000148659896323
       277.676635074       69.29      0.808945117915      -0.39341403227      0.795853069898      0.786729240934   8.07231091363e-05    0.00267529294229   0.000360938669391   0.000159314366978
       285.676635074       69.29      0.807449322827     -0.369223853267      0.795631943992      0.738967759259    0.00052797740222       0.02781991791    0.00456899557728   0.000411049764751
       293.676635074       69.29      0.805902911822     -0.341791618815      0.794989225469      0.693904417654    0.00357647018906     0.0360645535789    0.00663248271107   0.000603525420584
       296.456630672       70.79      0.805174372677     -0.333557214198      0.794847621187      0.679155250474    0.00376867024451     0.0438107845316    0.00780817594024    0.00160140842795
       301.656630672       70.79      0.804473917118     -0.330073313338      0.794915259611      0.670502933305    0.00297366738951     0.0507267316261     0.0114727755799   0.000308080372382
       309.656630672       71.28      0.803329959117     -0.341764393579      0.795083329993      0.690982480351     0.0027292310062     0.0452837024035    0.00668367987693    0.00176830385918
       317.656630672       71.28      0.802744671194     -0.374367073061      0.795253381914       0.74988110901   0.000682127869141     0.0190606448553     0.0048546723336   0.000326316423779
        324.03662627       72.48      0.802495334197      -0.38772286742      0.795339438447       0.77518003465   0.000217169022093     0.0096043510127   0.000627164657466   0.000789759899785
        325.63662627       72.48      0.802416449998     -0.390214394517      0.795337815285      0.779622494939   0.000134776046339    0.00759850146746   0.000581135451212   0.000730504931908
        333.63662627       72.48      0.802118721307     -0.393387438612      0.795188458246      0.785760682542   8.57327820737e-05    0.00382850005825   0.000723620984873   0.000687135569934
        341.63662627       73.28       0.80207051892     -0.386517113512      0.795160846318      0.773819297191   0.000145076252253    0.00848256694386    0.00133666992486   0.000378176753098
        349.63662627       73.28      0.802147029851      -0.37154511623      0.795033808749      0.743411664203   0.000435786944528     0.0240078428572    0.00367369270235   0.000890862682251
       351.616621867       74.15      0.802165722037     -0.369405796514      0.795009777758      0.739205565916    0.00089749924386     0.0253778328106      0.003744826248   0.000773791543414
       357.616621867       74.15      0.802172228162     -0.373933918043      0.795029595888       0.74931192687    0.00119904501876     0.0204383154958    0.00476058796337    0.00013882393967
       365.616621867       74.15      0.801970390983     -0.378636800993      0.795083980724      0.757594572821   0.000175712793951     0.0176768693298    0.00246970498848   0.000688636146587
       373.616621867       75.27       0.80177627551     -0.388183253495      0.795050492332      0.776003416478   0.000585398101309    0.00815035491046    0.00137848505387   0.000378331817062
       379.196617465        75.8      0.801589054014     -0.393853317222      0.795009450846      0.787616991948   0.000276861186092    0.00166382188197   0.000224309582144   0.000470211306277
       381.596617465        75.8      0.801493920722     -0.394656850305      0.794992867505      0.789025009003   0.000276661731198   0.000860348336378    0.00033192303841   0.000443848263773
       389.596617465        75.8      0.801170596169      -0.39472044807      0.794968203374      0.788942913733   0.000285243498747    0.00108644789814   0.000418495049026   0.000436917390767
       397.596617465        75.8       0.80088054992     -0.392229403152      0.795008084294      0.784002709924   0.000208097430341    0.00453374693258   0.000190684044216   0.000381082340074
       405.596617465       77.26      0.800637952368     -0.388555131616      0.795075632357      0.776849902594   0.000519593530978    0.00637435213847    0.00222809852336   0.000566981508372
       406.776613063       77.46      0.800604048934     -0.388230019992      0.795085472379      0.776188060353   0.000476730238942    0.00686143037394    0.00207723751896    0.00054816135123
       413.576613063       77.46      0.800392023778     -0.389974021197      0.795137527095      0.779461085702   6.79580259716e-05    0.00753952705308   0.000490520840093   0.000317791066241
       421.576613063       77.46      0.800120350945     -0.390694188168       0.79518539114      0.781133216741   0.000439177740022    0.00405975022539    0.00147186590507   0.000408973011254
       429.576613063       77.46      0.799862990482     -0.394192216404      0.795212845642      0.787697057967   0.000342504554322    0.00258111156955   0.000440606002553   0.000285534849432
       434.356608661       79.12      0.799726373381     -0.394471235428      0.795216146543      0.788180628448   0.000376284225712    0.00163221540597   0.000638094490996    0.00029546706178
       437.556608661       79.24      0.799646772147      -0.39533532793      0.795212388339      0.790089269226   0.000405349182351   0.000531988885624   0.000282583722733   0.000288576752437
       445.556608661       79.24      0.799498854739     -0.395781788126      0.795188910355      0.791103322387   0.000407406981483   9.13952124407e-05   8.84951384964e-05   0.000287742423803
       453.556608661       79.24      0.799420689669     -0.394132984596      0.795168612231      0.787514472541   0.000475300127306    0.00172442795953    0.00074369931675   0.000264305431824
       461.556608661       79.24      0.799396471342     -0.394634629733      0.795168601001      0.788755569641   0.000465455324468    0.00198456802357     7.644822091e-06   0.000269489832807
       461.936604258       81.18      0.799396388883      -0.39467222476      0.795169047045      0.788886145437   0.000459940081514    0.00177946337751   1.35606603879e-05   0.000268270884082
       469.536604258       81.23      0.799409646454     -0.394285466122      0.795184535162      0.787946923057    0.00057096035315    0.00173029987872   0.000745931335192   0.000199569614324
       477.536604258       81.23      0.799440428101     -0.394632862298      0.795219717687      0.788537480886    0.00058004597878    0.00204589509854   3.36778633493e-05   0.000195294328636
       485.536604258       81.23      0.799469207785     -0.395628524118      0.795287492101      0.790728918513   0.000555262548425   0.000547094623786   0.000289723727821    0.00016816034195
       489.516599856       82.77       0.79947938104     -0.395402415105      0.795333217765      0.790068195634    0.00056201939511    0.00126554190669   7.19300995747e-05   0.000167835262355
       493.516599856       82.77      0.799486493598     -0.395523277716      0.795383156359      0.790339192762   0.000558670143728   0.000992133601044   0.000100660717386   0.000166482800719
       501.516599856       83.23      0.799492912869     -0.395604294911      0.795474251681      0.790548431526   0.000559899692995   0.000783055034689   0.000178735983953   0.000166649092547
       509.516599856       83.23      0.799491953215     -0.395635897101      0.795521326458      0.790719699717   0.000557569109515    0.00051838685781   6.56347924903e-05     0.0001628687923
       517.096595454       84.34      0.799485227375     -0.395216183771      0.795509566437      0.789601470327   0.000547424504819     0.0016945064404    0.00023381428573   0.000161900789519
       517.496595454       84.34      0.799484686122     -0.395244408725      0.795507510508       0.78967815148   0.000548818460433    0.00161225230621   0.000245252405062   0.000161804549148
       525.496595454       84.34      0.799468804496     -0.395702014215      0.795443685659      0.790916700985   0.000561713260716    0.00028451070883   1.08606371343e-05   0.000151829312662
       533.496595454       85.22      0.799441810832     -0.395370040221      0.795355069329      0.789945001807   0.000552212005035     0.0013833446184   0.000157396986215    0.00015107243067
       541.496595454       85.22      0.799404715681     -0.395776049065      0.795266131516      0.790979293093   0.000564596788185   0.000424278988698   3.39499067746e-05   0.000147994420687
       544.676591051        85.9      0.799388257002     -0.395714676621      0.795234529585      0.790794666506   0.000564987877573   0.000637911404182   6.93146441871e-05    0.00014799468803
       549.476591051        85.9      0.799362978932     -0.395649113141      0.795192738626      0.790619986805   0.000565538384186   0.000778814262455   7.47336232248e-05   0.000147855302433
       557.476591051        85.9      0.799323417029     -0.395608764894       0.79514005575      0.790519468497   0.000565405134579   0.000854689729578   6.20507253955e-05   0.000148054862456
       565.476591051        85.9      0.799291591961     -0.395775845361      0.795105980583       0.79095272721   0.000565744013966   0.000474283891067     7.459039407e-05   0.000148646202946
       572.256586649       87.44       0.79927250604     -0.395551388554      0.795086838889       0.79037907998   0.000572253275216   0.000961077115435   5.44215630985e-05   0.000150243359082
       573.456586649       87.44       0.79926988787     -0.395550057516       0.79508399575      0.790365882522   0.000573267983515    0.00101251785578    3.9074567199e-05     0.0001506329301
       581.456586649       87.44      0.799257640314     -0.395738152652      0.795066360722      0.790858900947   0.000576680325427   0.000514904621577   7.78985717937e-05   0.000152477471744
       589.456586649       87.44      0.799252512557     -0.395645095497      0.795046456633      0.790585483721   0.000580829266895   0.000868473595018   3.26194012065e-05   0.000154918669807
       597.456586649       87.44      0.799251436581     -0.395693335087       0.79501970342      0.790722006021   0.000580111038776   0.000675377176461   5.65773494209e-05   0.000156215410174
       599.836582247       88.99      0.799251468254     -0.395705343782      0.795010053324      0.790749715613   0.000579794862842   0.000661647291423   5.00237835765e-05   0.000156454244066
       605.436582247       89.19       0.79925162885     -0.395694440188      0.794984151855      0.790714834522    0.00057935878612   0.000713049428167   4.53552210939e-05   0.000156671924251
       613.436582247       89.19      0.799251140103     -0.395675290625      0.794939818547      0.790663086996   0.000579765008926   0.000760801388104   4.73939344896e-05   0.000156482866759
       621.436582247       89.19      0.799248980346     -0.395705927776       0.79488814878      0.790741295866    0.00058085402014   0.000690859149408   4.63568228548e-05   0.000156216758164
       627.416577845        90.5      0.799246139973     -0.395700068952      0.794845496244      0.790725904977   0.000581070055119   0.000702807309284   4.59022607081e-05   0.000156221169745
       629.416577845        90.5      0.799244973328     -0.395674175359      0.794830517418      0.790660168514   0.000580957829063   0.000753267674851    5.2061518722e-05   0.000156278368456
       637.416577845        90.5      0.799239406411     -0.395699477651      0.794767022855      0.790719938331   0.000580237601382   0.000721591771217   4.42874162471e-05   0.000156602527718
       645.416577845       91.19      0.799232783436     -0.395687899054      0.794697600887      0.790694632367   0.000579278055082   0.000721752081122   5.29246706449e-05   0.000157026437563
       653.416577845       91.19      0.799225557347     -0.395689378803      0.794622282002      0.790696271928   0.000578786381703   0.000729889189364   4.79238806612e-05   0.000157299480523
       654.996573442       92.06      0.799224087067     -0.395691319736      0.794606766828      0.790702061335   0.000578752172939   0.000721627453821   4.85427413224e-05   0.000157331697437
       661.396573442       92.06        0.7992180318     -0.395691802117      0.794542121892      0.790703686448   0.000578712235649   0.000718551904668   4.99836219582e-05   0.000157395847561
       669.396573442       92.06      0.799210256149     -0.395691467642      0.794458321237      0.790702550204   0.000578685463231   0.000721497858369   5.00350309882e-05   0.000157390045474
       677.396573442       93.18      0.799202177963     -0.395687505208      0.794372852695      0.790693188902   0.000578560197964   0.000727596665244   4.98056067603e-05   0.000157381946017
        682.57656904       93.61      0.799196713486     -0.395694975847      0.794317259675      0.790712690827   0.000578463944309   0.000710002109354   5.09529874607e-05   0.000157400314805
        685.37656904       93.61      0.799193662865     -0.395693484662      0.794287216127      0.790708836949   0.000578424821005   0.000714285609271   4.96811907241e-05   0.000157419299892
        693.37656904       93.61      0.799184503148     -0.395687306925       0.79420149219      0.790693216993   0.000578369025424   0.000727368716578   5.07082018861e-05   0.000157494297754
        701.37656904       93.61       0.79917460319     -0.395691512255       0.79411588062      0.790704738909   0.000578368439374   0.000716265544382   4.99024582098e-05    0.00015758161569
        709.37656904       93.61      0.799163923752     -0.395689035671      0.794030454023      0.790698472046   0.000578377900052   0.000722484378156   5.05557250034e-05   0.000157663050615
       710.156564638        95.2      0.799162841655     -0.395689138855      0.794022155771      0.790698788336   0.000578378310138   0.000722180370472   5.05455975637e-05   0.000157670434896
       717.356564638        95.2      0.799152530822     -0.395689552966      0.793946186828      0.790700337028   0.000578379385836    0.00072060762822   5.03595583901e-05   0.000157733353168
       725.356564638        95.2      0.799140457194      -0.39568972475       0.79386432992       0.79070132736   0.000578380751351   0.000719621771995   5.02699784919e-05   0.000157790614639
       733.356564638        95.2      0.799127843673     -0.395688641711      0.793787383651       0.79069906836   0.000578383625752   0.000721738587161   5.03356965765e-05   0.000157829910008
       737.736560235       96.77      0.799120748734     -0.395689026682      0.793748175984      0.790700430476   0.000578384017839   0.000720466253354   5.01608726629e-05   0.000157841682424
       741.336560235       96.77      0.799114831244     -0.395689254053      0.793717791143      0.790701319258   0.000578383190061   0.000719613507609   5.02565809214e-05   0.000157845566963
       749.336560235       97.16      0.799101438302     -0.395688378417      0.793656875256      0.790699729814   0.000578378747279   0.000721089286358   5.02013761738e-05   0.000157834970987
       757.336560235       97.16      0.799087749553     -0.395688402634      0.793605664685      0.790700541817   0.000578374526587   0.000720311857956   5.02053118549e-05   0.000157799565886
       765.316555833       98.37      0.799073823872      -0.39568799564      0.793564446742      0.790700259813   0.000578372926092   0.000720591045568    5.0147226016e-05   0.000157743764955
       773.316555833       98.37      0.799059594217     -0.395687686431       0.79353298039      0.790700277559   0.000578372906789   0.000720567981643   5.01283151069e-05   0.000157672468209
       781.316555833       99.15      0.799045087066     -0.395687372025      0.793511490066      0.790700319971   0.000578372849594   0.000720512171762   5.01173767612e-05   0.000157591264818
       789.316555833       99.15      0.799030291694     -0.395687013586      0.793500331419      0.790700275481   0.000578372401729    0.00072056180733    5.0105991755e-05   0.000157506037377
       792.896551431       99.89      0.799023575168     -0.395686847947      0.793498811372      0.790700255219   0.000578372172058   0.000720572393096   5.01119556965e-05   0.000157468252188
       797.296551431       99.89      0.799015238242     -0.395686664389      0.793499961886      0.790700290229   0.000578371928293   0.000720536235857    5.0114544436e-05   0.000157423280807
       805.296551431       99.89      0.798999847947     -0.395686293591      0.793510709678      0.790700280336   0.000578371644095   0.000720542709345   5.01291673058e-05   0.000157348834832
       813.296551431       99.89       0.79898415919     -0.395685913186      0.793532607971      0.790700275835   0.000578371536235   0.000720542782965   5.01536565357e-05   0.000157288517328
       820.476547029       101.4      0.798969827111     -0.395685562766       0.79356149666      0.790700272976   0.000578371551953   0.000720541357323   5.01820786077e-05   0.000157250073926
       821.276547029       101.4       0.79896821561     -0.395685523051      0.793565238552      0.790700272277   0.000578371559292   0.000720541582545   5.01855430034e-05   0.000157246820822
       829.276547029       101.4      0.798951940537     -0.395685121096      0.793608165357      0.790700267362   0.000578371676996   0.000720541982956   5.02222407702e-05   0.000157226425841
       837.276547029       101.4      0.798935375197     -0.395684709658      0.793660514248      0.790700262875   0.000578371819255   0.000720542020518    5.0261057974e-05   0.000157228667714
       845.276547029       101.4        0.7989185186     -0.395684289383      0.793721276465      0.790700258456   0.000578371897687   0.000720542014093   5.02991650814e-05   0.000157253012831
       848.056542626         103      0.798912592189     -0.395684141399      0.793744146643      0.790700256879   0.000578371898863    0.00072054209471   5.03116969324e-05    0.00015726629146
       853.256542626       103.1      0.798901410474     -0.395683862103      0.793789073039      0.790700253954   0.000578371863347   0.000720542157729    5.0333602153e-05   0.000157297130775
       861.256542626       103.1      0.798883959611     -0.395683426536      0.793862917832      0.790700249467   0.000578371739935   0.000720542186611   5.03620595386e-05   0.000157357591337
       869.256542626       103.1       0.79886620244      -0.39568298457       0.79394138122      0.790700244968   0.000578371607906   0.000720542146419   5.03823811172e-05   0.000157429497962
       875.636538224       104.5      0.798851817826     -0.395682628103      0.794006581265      0.790700241408   0.000578371554029   0.000720542071494   5.03917678434e-05    0.00015749134007
       877.236538224       104.5      0.798848179016     -0.395682538203      0.794023247265      0.790700240508   0.000578371551335   0.000720542050752   5.03931089746e-05   0.000157507085212
       885.236538224       104.5      0.798829795242     -0.395682086049      0.794108248184      0.790700236011   0.000578371603597   0.000720541962474    5.0393561819e-05   0.000157584869406
        889.48318003       105.3      0.798819908017     -0.395681844449      0.794154388299      0.790700233627   0.000578371665453   0.000720541939371   5.03895874488e-05   0.000157624174772
        889.48318003       105.3      0.798819908017     -0.395681844449      0.794154388299      0.790700233627   0.000578371665453   0.000720541939371   5.03895874488e-05   0.000157624174772
