# Ovr(Phi.Eta.Rn.Rn)
# H0
# Exp0
# Exp1
#      Time            CPU <Ovr(Phi.Eta.Rn.Rn)>                <H0>              <Exp0>              <Exp1>
      -220.639964782           0                   1     -0.499999999998                   1   4.44200116651e-11
      -215.123965662      0.8672      0.999999999914     -0.499999932295      0.999999999914   4.44199135952e-11
      -209.607966543       1.717      0.999999999897     -0.499998065468      0.999999999897    4.4734145626e-11
      -204.091967423       2.644      0.999999999879     -0.499992355994      0.999999999879   8.42558569649e-11
      -198.575968304       3.627      0.999999999836      -0.49998671627      0.999999999836   5.65252838249e-10
      -193.059969184       4.429      0.999999999674     -0.499983948478      0.999999999673   1.37267600585e-09
      -187.543970065       5.371      0.999999999365        -0.499988229      0.999999999364    2.0299943697e-09
      -182.027970945       6.263       0.99999999896     -0.499997009626      0.999999998959   3.12543907497e-09
      -176.511971826       7.204      0.999999998559     -0.499990148134      0.999999998558   2.97029559634e-09
      -170.995972706       8.052      0.999999998236      -0.49994736086      0.999999998235   3.01382751218e-09
        -170.4617747       8.052      0.999999998208     -0.499940586668      0.999999998207   3.05224852633e-09
      -165.479973587       8.866      0.999999998006     -0.499853884343      0.999999998005   3.20427162862e-09
      -159.963974467       9.828      0.999999997891     -0.499736270161       0.99999999789   2.42003067608e-09
      -154.447975347       10.74      0.999999997843     -0.499652870612      0.999999997842   1.41998462639e-09
      -148.931976228       11.69      0.999999997797     -0.499642266959      0.999999997796   2.08521817893e-09
      -143.415977108       12.49      0.999999997714     -0.499738678673      0.999999997713   1.71725784429e-09
      -137.899977989       13.39      0.999999997617     -0.499893320454      0.999999997616   9.44191836879e-10
      -132.383978869       14.38      0.999999997491     -0.499979992227       0.99999999749   1.55779662652e-09
       -126.86797975        15.3      0.999999997235     -0.499875190647      0.999999997234   2.77935842522e-09
       -121.35198063       16.19      0.999999996828     -0.499499428182      0.999999996827   4.96303609509e-09
      -120.310233554       16.19       0.99999999674     -0.499398212444      0.999999996739   5.49099380562e-09
      -115.835981511       17.07      0.999999996377     -0.498888939688      0.999999996375   8.84589230456e-09
      -110.319982391       18.03      0.999999995933     -0.498223081544       0.99999999593     1.867459929e-08
      -104.803983272       18.93      0.999999994943     -0.497752407464      0.999999994938   6.73999315167e-08
       -99.287984152       19.81      0.999999989341     -0.497792564969      0.999999989314   3.78943279927e-07
      -93.7719850325       20.68      0.999999920609     -0.498395437268      0.999999920364   1.40061104941e-06
      -88.2559859129       21.51      0.999999567679     -0.499251434653      0.999999566712   3.26358249585e-06
      -82.7399867934       22.44      0.999998634988     -0.499847661047      0.999998632601   5.32255939592e-06
      -77.2239876739       23.38      0.999997060539     -0.499845602136      0.999997056774   6.16328599915e-06
      -71.7079885543       24.36      0.999995679907     -0.499061823977      0.999995675912   6.12097488248e-06
      -70.1743050646       24.36      0.999995425174     -0.498681700549       0.99999542124   6.00159109095e-06
      -66.1919894348       25.17      0.999995054718     -0.497478723225      0.999995051116   5.47149019555e-06
      -60.6759903152       25.89      0.999995171842     -0.495675074743      0.999995169027   4.36864312313e-06
      -55.1599911957       26.64      0.999995729728     -0.493737642356      0.999995727634   4.52689693706e-06
      -49.6439920761       27.39      0.999995600157      -0.49301168639      0.999995595517   2.20725455826e-05
      -44.1279929566       28.08      0.999981675529     -0.493787706907      0.999981643229   8.40369930597e-05
      -38.6119938371       28.75      0.999924637805     -0.495921465539      0.999924528586   0.000254432152134
      -33.0959947175       29.37      0.999734976202       -0.4981385995      0.999734704158   0.000395551939163
       -27.579995598       30.03      0.999478713413     -0.499023583199      0.999478330209   0.000445227285154
      -22.0639964784       30.77      0.999248332723     -0.498740613313      0.999247972815   0.000409560500238
      -19.9232998556       30.77      0.999181106481       -0.4982725003      0.999180750965   0.000385676922311
      -16.5479973589       31.48      0.999106053984     -0.496841571292      0.999105741237   0.000353889568549
      -11.0319982393       32.21      0.999063680269     -0.493969870644      0.999063426068   0.000307504540619
      -5.51599911979       33.01      0.999085060847     -0.491633044409      0.999084859742   0.000244738518441
  -2.43993270033e-10       33.83      0.999142103843     -0.488484045827      0.999141940052   0.000208475714685
        5.5159991193       34.65      0.999177254796     -0.487901193326      0.999176988729   0.000449003301866
       11.0319982388       35.43      0.998963783713     -0.489195321703      0.998963333851    0.00073764913507
       16.5479973584       36.19      0.998374946783     -0.492313044982       0.99837368446    0.00147956503996
       22.0639964779       36.89      0.997258290529     -0.494930930755       0.99725677258    0.00177397641902
       27.5799955975       37.58      0.996077569402     -0.495841867372      0.996076309078    0.00146853644796
       30.1924508555       37.67      0.995669248524     -0.495856979993      0.995667844368    0.00129308808455
        33.095994717       38.24      0.995319094247     -0.495534379428      0.995318013695    0.00118841840348
       38.6119938366       38.93      0.994938890607     -0.493181656618        0.9949378661   0.000985060984618
       44.1279929561        39.7      0.994816786303     -0.491625853381      0.994816121999   0.000895738138558
       49.6439920757       40.55      0.994887581382     -0.489760945516      0.994887031262   0.000765831223443
       55.1599911952       41.43      0.995026489792     -0.488790327759      0.995026031477    0.00066109752387
       60.6759903147       42.27      0.995124417821     -0.489346075293      0.995123822636   0.000785340353568
       66.1919894343       43.01      0.994967523527     -0.490893657962      0.994966938658   0.000840468301289
       71.7079885538       43.72      0.994649837472     -0.492808234387      0.994648534292    0.00136605268036
       77.2239876734       44.36       0.99391973172     -0.494144208642      0.993918621297    0.00138405398978
        80.358317343       44.36      0.993548265383     -0.494463005031      0.993546740929    0.00127068384994
       82.7399867929       45.04      0.993200978138      -0.49465215835      0.993199710049    0.00105586649475
       88.2559859125        45.7      0.992881314882     -0.494101317956      0.992880409773   0.000927922158548
        93.771985032       46.38      0.992623817963     -0.493471180643      0.992623114621   0.000754454146615
       99.2879841515       47.06      0.992539807107     -0.493336057483      0.992539296684   0.000708838399847
       104.803983271       47.79      0.992499765177     -0.492834091688      0.992499270803   0.000620156452394
       110.319982391       48.52      0.992483401778     -0.493841178135       0.99248294652   0.000538130600374
        115.83598151       49.21      0.992476478348     -0.493750887974      0.992476090955   0.000497660120181
        121.35198063       49.86      0.992466268578     -0.494503830974      0.992465976335   0.000448276971023
       126.867979749       50.64      0.992446959797     -0.495065368297      0.992446672985   0.000436594988024
        130.53218756       50.64      0.992399490514     -0.495077424683      0.992399156452   0.000456262003146
       132.383978869       51.46      0.992352017624     -0.495096297547      0.992351638696   0.000447849470613
       137.899977988       52.23      0.992140068474     -0.495055847699      0.992139673348   0.000350867834134
       143.415977108       52.98       0.99197138154     -0.494947852458       0.99197112368   0.000307027233286
       148.931976227       53.71      0.991866948106     -0.495074544307      0.991866720885   0.000288492046077
       154.447975347       54.41      0.991782688229     -0.494845055016      0.991782438476    0.00025087261149
       159.963974467        55.1      0.991713502174      -0.49516656973      0.991713262114    0.00021328698598
       165.479973586       55.85      0.991663050628      -0.49535411153      0.991662847676    0.00018438481782
       170.995972706       56.64      0.991628598565     -0.495179292053      0.991628435285    0.00016062287716
       176.511971825        57.5      0.991606817451     -0.495390686383      0.991606688592   0.000144640168957
        180.70890988        57.6      0.991597096834     -0.495396331255      0.991596990585   0.000145110253437
       182.027970945       58.43      0.991595081752     -0.495398944051      0.991594981412   0.000148382890454
       187.543970064       59.25      0.991589206173     -0.495407199466      0.991589117118   0.000174727951737
       193.059969184       60.05      0.991580427865     -0.495329478236      0.991580326677   0.000204022076649
       198.575968303       60.92      0.991563537336     -0.495359959939      0.991563414803    0.00021459102001
       204.091967423       61.81        0.9915411441     -0.495415544627      0.991541009738   0.000199974551268
       209.607966542       62.76      0.991519546561     -0.495385197796      0.991519417664   0.000169338253973
       215.123965662       63.77      0.991503434863     -0.495387803407      0.991503325087   0.000134834957326
       220.639964782       64.68      0.991494040853     -0.495390816646      0.991493955656   0.000105151788637
       226.155963901       65.25      0.991489985194     -0.495391164349      0.991489922964   8.39237859009e-05
       230.843024339       65.57      0.991489025388     -0.495391444679      0.991488978719   7.22681849274e-05
       231.671963021       65.85      0.991488986457     -0.495391493554       0.99148894211   7.07581754546e-05
        237.18796214       66.51       0.99148911246     -0.495391811577      0.991489080384   6.43486760821e-05
        242.70396126       67.08      0.991489148406     -0.495392110596      0.991489123672   6.28556478167e-05
       248.219960379       67.75      0.991488418717     -0.495392382034      0.991488397217   6.45866691054e-05
       253.735959499       68.38      0.991486636013     -0.495392619551      0.991486614629   6.84714440317e-05
       259.251958619       69.05      0.991483791799     -0.495392819984      0.991483768346   7.36443861131e-05
       264.767957738       69.69      0.991480057027     -0.495392983964      0.991480030166   7.96498895354e-05
       270.283956858       70.29      0.991475702382     -0.495393115757      0.991475671481   8.62087490288e-05
       275.799955977       70.89      0.991471035405     -0.495393221307      0.991471000401   9.24410831136e-05
       281.048236621       70.89      0.991466571869     -0.495393302905      0.991466533288   9.77703894942e-05
       281.315955097       71.41      0.991466347797     -0.495393306657      0.991466309048   9.80147353613e-05
       286.831954216       72.05      0.991461886495     -0.495393376243      0.991461844675    0.00010197811199
       292.347953336       72.71      0.991457837788     -0.495393432847       0.99145779377   0.000103897209732
       297.863952455       73.36      0.991454321393     -0.495393478124      0.991454276125   0.000103966239206
       303.379951575       73.94      0.991451399107     -0.495393513199      0.991451353513    0.00010206915054
       308.895950694       74.64      0.991449080554     -0.495393539667      0.991449035437   9.92905650787e-05
       314.411949814       75.18      0.991447345269     -0.495393559144      0.991447301297   9.59387875954e-05
       319.927948934       75.79      0.991446152928     -0.495393573483      0.991446110627   9.26226407542e-05
       325.443948053       76.49       0.99144545388     -0.495393584414      0.991445413676   8.96797531827e-05
       330.959947173          77      0.991445186918     -0.495393593432      0.991445149153   8.68462502786e-05
       336.475946292       77.64      0.991445267907     -0.495393602112      0.991445232819   8.43879193771e-05
       341.991945412       78.19      0.991445584638     -0.495393611771       0.99144555232   8.20156703647e-05
       347.507944531       78.73      0.991445992581     -0.495393623581      0.991445962915   8.00364756665e-05
       353.023943651       79.34      0.991446332463     -0.495393638221      0.991446305088   7.87505626322e-05
        358.53994277       79.89      0.991446452903     -0.495393655511      0.991446427233   7.82115849272e-05
        364.05594189       80.47      0.991446241647     -0.495393674584      0.991446216955   7.86832152046e-05
       369.571941009       81.07      0.991445646503     -0.495393693894      0.991445622042   7.98348227264e-05
       375.087940129        81.7      0.991444682254      -0.49539371174       0.99144465739   8.11150779745e-05
       380.603939249       82.38      0.991443417759     -0.495393726886      0.991443392056   8.22207770283e-05
       381.176523486       82.38      0.991443273112     -0.495393728269      0.991443247306   8.22967705584e-05
       386.119938368          83      0.991441951198     -0.495393738684      0.991441924442   8.24637422297e-05
       391.635937488       83.64      0.991440382506     -0.495393747514      0.991440354666   8.18840845088e-05
       397.151936607        84.2       0.99143879147     -0.495393754404      0.991438762618   8.07821666311e-05
       402.667935727        84.8      0.991437235377     -0.495393760643      0.991437205617   7.93841994838e-05
       408.183934846       85.43      0.991435752174      -0.49539376752      0.991435721597   7.85917660219e-05
       413.699933966       85.97      0.991434380231     -0.495393775607      0.991434348942   7.83520688529e-05
       419.215933085       86.63      0.991433165761     -0.495393785039      0.991433133915   7.88946210272e-05
       424.731932205       87.27      0.991432166017     -0.495393795347      0.991432133883   7.97908303511e-05
       430.247931324       87.82      0.991431437433     -0.495393805837      0.991431405416    8.0291197543e-05
       431.275956325       87.82      0.991431334747      -0.49539380778      0.991431302804   8.03456444067e-05
       435.763930444       88.49      0.991431012516     -0.495393816069       0.99143098111   8.02410093464e-05
       441.279929564        89.1      0.991430885668     -0.495393825691      0.991430855385   7.89166471894e-05
       446.795928683        89.7      0.991430999024     -0.495393834854      0.991430970265   7.67597007632e-05
       452.311927803       90.47      0.991431255187     -0.495393843759      0.991431228161   7.40318269976e-05
       457.827926922       91.12      0.991431535155     -0.495393852535      0.991431509829   7.11453893009e-05
       463.343926042       91.76      0.991431727375     -0.495393861231      0.991431703502   6.88718924821e-05
       468.859925161       92.37       0.99143175166     -0.495393869536      0.991431728855   6.71718590099e-05
       474.375924281       92.97      0.991431567659      -0.49539387719      0.991431545492   6.62477157458e-05
         479.8919234       93.59      0.991431172456     -0.495393884045       0.99143115053   6.59843167844e-05
       481.511542808       93.59      0.991431018445       -0.4953938859      0.991430996523   6.59803585369e-05
        485.40792252       94.22      0.991430582479     -0.495393890157      0.991430560456   6.61314091879e-05
       490.923921639       94.84      0.991429817881     -0.495393896003       0.99142979547   6.69016589465e-05
       496.439920759       95.48      0.991428890394     -0.495393902073      0.991428867305   6.83727936823e-05
       501.955919878       96.11      0.991427807494     -0.495393908798      0.991427783417   7.08170636764e-05
       507.471918998       96.82      0.991426583251     -0.495393916259      0.991426557863    7.4533250001e-05
       512.987918118       97.49      0.991425257307      -0.49539392391      0.991425230337   7.91195099022e-05
       518.503917237       98.15      0.991423903272     -0.495393930952      0.991423874588   8.43368259105e-05
       524.019916357       98.85      0.991422626539     -0.495393936248       0.99142259623   8.91412163032e-05
       529.535915476       99.52      0.991421547025     -0.495393938912      0.991421515442   9.25655907163e-05
       531.610809046       99.52      0.991421214292     -0.495393939145      0.991421182368   9.34233667787e-05
       535.051914596       100.1      0.991420768987     -0.495393938556      0.991420736702   9.40927506253e-05
       540.567913715       100.8       0.99142035933     -0.495393935247      0.991420327052    9.2916506773e-05
       546.083912835       101.4      0.991420326732     -0.495393929817       0.99142029516   8.96295650328e-05
       551.599911954         102       0.99142062837     -0.495393923223      0.991420598086   8.45543369372e-05
       557.115911074       102.6      0.991421183805     -0.495393916536      0.991421155195   7.85268518932e-05
       562.631910193       103.3      0.991421900721     -0.495393910675      0.991421873962   7.25923554878e-05
       568.147909313         104      0.991422699108     -0.495393906112      0.991422674227   6.69583565184e-05
       573.663908433       104.6      0.991423518104     -0.495393903248       0.99142349503   6.22606094453e-05
       579.179907552       105.2      0.991424317294     -0.495393902261      0.991424295927   5.83072187893e-05
       581.764112188       105.4      0.991424674328     -0.495393902507      0.991424653717   5.66997766266e-05
       584.695906672       105.8      0.991425058407      -0.49539390341      0.991425038612   5.51487385106e-05
       590.211905791       106.4      0.991425693671     -0.495393907086      0.991425675254   5.29648945977e-05
       595.727904911         107      0.991426157198     -0.495393913531      0.991426139853   5.17666373916e-05
        601.24390403       107.6      0.991426372111     -0.495393922926      0.991426355373   5.21246648678e-05
        606.75990315       108.3      0.991426270237     -0.495393934957      0.991426253505   5.41528283193e-05
       612.275902269       109.2      0.991425814695     -0.495393948828      0.991425797293    5.7824348387e-05
       617.791901389       109.9      0.991425018826     -0.495393963456      0.991425000117   6.29784632835e-05
       623.307900508       110.5      0.991423948764     -0.495393977434      0.991423928267   6.86767247455e-05
       628.823899628       111.2      0.991422711544     -0.495393989679      0.991422689014    7.4236007737e-05
       631.929793663       111.4      0.991421986823     -0.495393995528      0.991421963136    7.7072758472e-05
       634.339898748       111.7      0.991421427741     -0.495393999474      0.991421403184   7.89715994944e-05
       639.855897867       112.3      0.991420206824     -0.495394006613      0.991420180455   8.22083464068e-05
       645.371896987       112.9      0.991419124448     -0.495394011541      0.991419096587   8.43123352182e-05
       650.887896106       113.5       0.99141822152     -0.495394014756      0.991418192514   8.53294092529e-05
       656.403895226       114.2      0.991417512903     -0.495394016863      0.991417483063   8.58927473969e-05
       661.919894345       114.9      0.991417005939     -0.495394018132      0.991416975543   8.64617832824e-05
