# 
# 
# kRn: sum[Phi,Eta,specRn] density
0.022957824, 0.28358227
0.045915648, 0.1194873
0.068873472, 0.077430805
0.091831296, 0.13281074
0.11478912, 0.1469439
0.13774694, 0.1175491
0.16070477, 0.079406837
0.18366259, 0.084034245
0.20662042, 0.15466497
0.22957824, 0.29371969
0.25253607, 0.30234706
0.27549389, 0.18138208
0.29845171, 0.15397393
0.32140954, 0.11752674
0.34436736, 0.083264848
0.36732519, 0.05088934
0.39028301, 0.05198649
0.41324083, 0.081696764
0.43619866, 0.075447539
0.45915648, 0.045809217
0.48211431, 0.046675366
0.50507213, 0.055252817
0.52802995, 0.034574777
0.55098778, 0.019830294
0.5739456, 0.024057018
0.59690343, 0.020674876
0.61986125, 0.032867354
0.64281908, 0.03452041
0.6657769, 0.015603646
0.68873472, 0.023463725
0.71169255, 0.029624185
0.73465037, 0.014189646
0.7576082, 0.011867779
0.78056602, 0.014677084
0.80352384, 0.013808026
0.82648167, 0.013424307
0.84943949, 0.012059271
0.87239732, 0.012655054
0.89535514, 0.011571256
0.91831296, 0.008242594
0.94127079, 0.0076920755
0.96422861, 0.0053125265
0.98718644, 0.0034093281
1.0101443, 0.0027924419
1.0331021, 0.0012842592
1.0560599, 0.0011760015
1.0790177, 0.00052972533
1.1019756, 0.00051788363
1.1249334, 0.00033962666
1.1478912, 0.00036449085
1.170849, 0.00033067802
1.1938069, 0.0002937068
1.2167647, 0.00027944326
1.2397225, 0.00021386406
1.2626803, 0.00019406431
1.2856382, 0.00013909245
1.308596, 0.00011191701
1.3315538, 7.5558024e-05
1.3545116, 6.0654789e-05
1.3774694, 4.0879713e-05
1.4004273, 3.5931739e-05
1.4233851, 2.5843431e-05
1.4463429, 2.342822e-05
1.4693007, 1.8604557e-05
1.4922586, 1.5471057e-05
1.5152164, 1.3678443e-05
1.5381742, 1.0938029e-05
1.561132, 8.7891008e-06
1.5840899, 8.4935489e-06
1.6070477, 6.1190025e-06
1.6300055, 5.9991592e-06
1.6529633, 5.3227592e-06
1.6759212, 4.1986337e-06
1.698879, 3.9153343e-06
1.7218368, 3.1563238e-06
1.7447946, 2.5133411e-06
1.7677525, 1.8355094e-06
1.7907103, 1.3886834e-06
1.8136681, 1.0988314e-06
1.8366259, 8.6796737e-07
1.8595838, 7.7108515e-07
1.8825416, 8.2087019e-07
1.9054994, 8.1827544e-07
1.9284572, 7.9749874e-07
1.951415, 7.113993e-07
1.9743729, 5.6146751e-07
1.9973307, 4.286059e-07
2.0202885, 2.9718949e-07
2.0432463, 2.1420946e-07
2.0662042, 1.6746739e-07
2.089162, 1.4151648e-07
2.1121198, 1.2092419e-07
2.1350776, 1.041592e-07
2.1580355, 8.0262286e-08
2.1809933, 6.1300827e-08
2.2039511, 4.3040105e-08
2.2269089, 2.383472e-08
2.2498668, 1.0997568e-08
2.2728246, 7.9745142e-09
2.2957824, 9.0860267e-09
