# 
# kRn: sum[specRn] (Phi,Eta) = (0,0)  (0,1)  (0,2)  (0,3) 
0.036971619, 2.1798855e-09, 2.117384e-08, 4.3389647e-14, 4.59437e-22
0.073943237, 9.5978955e-10, 5.4549472e-08, 5.1968007e-13, 2.4764645e-20
0.11091486, 1.5749572e-10, 5.3973283e-08, 1.5717627e-12, 2.1138228e-19
0.14788647, 4.9699577e-11, 2.2977139e-08, 2.223665e-12, 7.9247366e-19
0.18485809, 1.4570996e-10, 2.7207197e-09, 1.5921346e-12, 1.8031787e-18
0.22182971, 9.7437788e-11, 6.3920941e-09, 4.7883813e-13, 2.8464204e-18
0.25880133, 2.469479e-11, 9.5514336e-09, 2.4035117e-13, 3.1556559e-18
0.29577295, 3.5540289e-11, 3.0556692e-09, 5.964224e-13, 2.1567933e-18
0.33274457, 3.748768e-11, 2.2300801e-09, 4.8962829e-13, 7.2805069e-19
0.36971619, 9.0214078e-12, 5.6851473e-09, 1.7478365e-13, 7.8539953e-19
0.4066878, 5.2621322e-12, 3.8334913e-09, 2.2019446e-13, 1.8361277e-18
0.44365942, 6.8362835e-12, 6.2662768e-09, 2.1582624e-13, 1.510704e-18
0.48063104, 5.5754019e-13, 1.2020156e-08, 7.4425343e-14, 4.4166219e-19
0.51760266, 4.8934943e-12, 1.0518977e-08, 1.0983373e-13, 2.339851e-19
0.55457428, 4.7164999e-12, 1.036055e-08, 9.8516859e-14, 1.9745676e-19
0.5915459, 2.0363614e-12, 8.5698977e-09, 3.6010915e-14, 2.6918374e-20
0.62851751, 3.2521635e-12, 1.7009873e-09, 4.1908101e-14, 9.066767e-21
0.66548913, 5.7284034e-13, 6.9492411e-10, 4.6158448e-15, 1.3277159e-21
0.70246075, 4.1248111e-13, 4.2755473e-09, 1.3749222e-14, 1.2009191e-19
0.73943237, 3.8819668e-13, 1.3189604e-08, 2.0608795e-14, 1.4723346e-19
0.77640399, 1.47672e-12, 1.3068647e-08, 3.2958343e-14, 1.2834347e-20
0.81337561, 1.0439623e-12, 4.5315271e-09, 2.4920812e-14, 1.2502764e-20
0.85034723, 1.1597739e-13, 6.389603e-11, 4.4446268e-16, 8.8928143e-20
0.88731884, 1.0384426e-13, 9.393135e-09, 2.9395522e-15, 9.374276e-20
0.92429046, 5.9958864e-13, 1.6900988e-08, 1.3107368e-14, 1.561465e-20
0.96126208, 2.6618418e-13, 8.7239422e-09, 8.0441548e-15, 3.7342979e-20
0.9982337, 6.7596184e-14, 7.6771336e-11, 9.8434201e-16, 8.0230539e-20
1.0352053, 6.141028e-14, 1.1850285e-08, 3.2663297e-15, 7.8115577e-20
1.0721769, 9.3256948e-14, 1.8837108e-08, 5.5727783e-15, 2.128657e-20
1.1091486, 4.8222704e-14, 5.2226358e-09, 4.7077019e-16, 2.292234e-20
1.1461202, 1.4872146e-14, 3.8044872e-09, 2.8886036e-16, 7.3621717e-20
1.1830918, 1.3530981e-15, 2.4675894e-08, 7.5496095e-16, 7.4605098e-20
1.2200634, 1.3152176e-14, 1.716557e-08, 2.1460386e-16, 1.8995567e-20
1.257035, 1.7496286e-14, 1.2457929e-09, 2.3212649e-16, 7.8861686e-20
1.2940066, 2.2947e-14, 4.0050827e-08, 4.8339953e-16, 1.5902918e-19
1.3309783, 2.1394679e-15, 3.2127636e-08, 2.8696079e-16, 2.3549575e-20
1.3679499, 1.9179551e-15, 4.9459766e-09, 2.6979412e-17, 2.5601738e-20
1.4049215, 2.4763243e-15, 9.3886789e-08, 7.1906821e-16, 1.9979148e-20
1.4418931, 6.5125916e-16, 4.1377269e-08, 7.8506058e-17, 2.2180427e-19
1.4788647, 1.1633226e-15, 6.2104268e-08, 2.8865209e-16, 1.1584036e-18
1.5158364, 2.2448648e-15, 2.801367e-07, 1.2512844e-15, 1.7742778e-17
1.552808, 1.0996335e-16, 2.252064e-09, 8.9241003e-17, 7.0337552e-19
1.5897796, 3.0701348e-15, 7.720863e-07, 2.2460287e-15, 7.751431e-16
1.6267512, 6.2725404e-15, 5.8466329e-07, 2.166177e-15, 1.5420667e-14
1.6637228, 5.5189278e-15, 1.826834e-06, 4.3762372e-15, 1.8406189e-13
1.7006945, 4.0494992e-14, 9.0104182e-06, 2.8268242e-14, 1.2499882e-12
1.7376661, 3.4260254e-14, 6.1402304e-06, 1.9317091e-14, 4.6040917e-12
1.7746377, 1.8907274e-12, 0.00046013664, 1.5491497e-12, 9.6289589e-12
1.8116093, 1.2076278e-11, 0.0027191247, 9.6800085e-12, 1.2806582e-11
1.8485809, 3.0460009e-11, 0.0065977941, 2.4546755e-11, 1.6059955e-11
1.8855525, 4.0344978e-11, 0.0083222324, 3.2101884e-11, 2.6627238e-11
1.9225242, 2.7897937e-11, 0.005598323, 2.2366495e-11, 3.7380324e-11
1.9594958, 9.3998962e-12, 0.0017986272, 7.5284274e-12, 3.1603318e-11
1.9964674, 9.5822419e-13, 0.00017917059, 8.7153404e-13, 1.4319931e-11
2.033439, 6.0933618e-15, 1.4815674e-07, 7.2347216e-15, 3.2163785e-12
2.0704106, 2.8428989e-14, 2.6735236e-06, 3.6742338e-15, 4.1327265e-13
2.1073823, 4.7403998e-16, 7.7828877e-08, 7.6603626e-15, 5.2583132e-14
2.1443539, 1.0931301e-15, 1.8228352e-07, 2.6269436e-15, 1.9410686e-15
2.1813255, 7.6666208e-16, 3.6252218e-08, 7.1511316e-16, 7.3109533e-17
2.2182971, 3.7331542e-17, 1.4007431e-08, 3.4819707e-16, 7.7889595e-18
2.2552687, 8.327667e-16, 1.4668804e-08, 8.081308e-16, 1.2706966e-18
2.2922403, 5.5094654e-17, 1.166784e-10, 7.3993312e-17, 3.9050986e-20
2.329212, 1.2153353e-15, 4.1803133e-09, 1.0587676e-15, 3.7817894e-21
2.3661836, 3.0119123e-17, 6.2054374e-10, 2.5156768e-16, 3.9279914e-20
2.4031552, 1.388801e-15, 4.9876109e-10, 1.1168056e-15, 3.1431487e-21
2.4401268, 3.0862944e-15, 7.343934e-10, 3.9876475e-15, 2.3559615e-20
2.4770984, 8.1477396e-16, 1.4807816e-11, 6.4999578e-16, 2.0527528e-20
2.5140701, 1.361876e-14, 1.7767791e-10, 1.713758e-14, 3.2650807e-20
2.5510417, 6.1177902e-14, 1.4533817e-10, 7.8608995e-14, 5.8116639e-20
2.5880133, 4.8745116e-15, 1.0901355e-12, 5.1620783e-15, 1.694733e-20
2.6249849, 7.3510707e-13, 4.79713e-11, 9.0496597e-13, 8.5573642e-20
2.6619565, 7.86109e-12, 4.4371112e-11, 9.708017e-12, 2.2339065e-19
2.6989282, 1.0111334e-11, 2.4860349e-12, 1.1840589e-11, 3.4247363e-20
2.7358998, 7.7964469e-09, 7.3889905e-12, 9.250877e-09, 7.7720005e-17
2.7728714, 9.7405542e-08, 1.7192776e-11, 1.1488185e-07, 9.3638516e-16
2.809843, 3.4999096e-07, 4.8423161e-12, 4.160056e-07, 3.4315335e-15
2.8468146, 5.5168983e-07, 1.1276143e-14, 6.5699169e-07, 5.600197e-15
2.8837862, 3.7509314e-07, 4.0393531e-12, 4.374083e-07, 3.8420628e-15
2.9207579, 8.5106235e-08, 3.4719693e-12, 9.6287572e-08, 8.8182767e-16
2.9577295, 4.0510304e-09, 1.6067978e-12, 4.5331367e-09, 5.1837617e-17
2.9947011, 2.735877e-15, 5.8637751e-16, 8.4354401e-15, 9.2229448e-19
3.0316727, 9.3404708e-13, 6.5929251e-13, 1.1515816e-12, 6.8794083e-19
3.0686443, 2.6343409e-13, 1.0668693e-12, 3.0949787e-13, 1.3474072e-19
3.105616, 3.4603465e-14, 1.0016118e-12, 3.7171519e-14, 7.6921142e-20
3.1425876, 1.9355133e-15, 3.3662924e-13, 2.1951664e-15, 3.6125524e-19
3.1795592, 2.4523398e-17, 4.4088098e-17, 1.0319348e-17, 1.6466829e-19
3.2165308, 2.7981861e-16, 4.565826e-14, 2.7391955e-16, 2.9787601e-19
3.2535024, 1.9759551e-16, 1.9192565e-13, 2.2320625e-16, 9.2952381e-20
3.290474, 1.1425797e-16, 2.9276577e-13, 8.4436982e-17, 1.5124489e-18
3.3274457, 5.6062182e-17, 2.2983769e-13, 1.0721824e-17, 6.6908099e-18
3.3644173, 3.3336747e-17, 6.9929903e-14, 1.5113906e-17, 1.4896772e-17
3.4013889, 3.6605433e-19, 3.9242731e-15, 1.1683526e-17, 5.325061e-17
3.4383605, 7.9036315e-18, 8.0163266e-14, 1.9475015e-18, 4.0072895e-14
3.4753321, 4.1801392e-17, 1.052888e-11, 1.3595536e-18, 3.0595107e-12
3.5123038, 2.1393237e-18, 1.357916e-10, 1.7425281e-18, 3.0249199e-11
3.5492754, 4.1200792e-18, 1.7680197e-10, 9.0871744e-18, 3.9601195e-11
3.586247, 1.2221997e-19, 3.034679e-12, 1.1393682e-18, 2.0396922e-12
3.6232186, 1.4825911e-17, 1.5021352e-11, 4.7787081e-18, 4.998658e-12
3.6601902, 3.8391209e-17, 2.0281823e-12, 2.5261557e-17, 4.6175147e-13
3.6971619, 4.6133807e-18, 3.2685273e-16, 4.1315982e-17, 3.0265914e-15
