# 
# 
# kRn: sum[Ndim&Phi,Phi,Eta,specRn] density
0.036971619, 2.5392297e-07
0.073943237, 4.9899593e-08
0.11091486, 2.409715e-08
0.14788647, 1.4885082e-08
0.18485809, 1.0631079e-08
0.22182971, 8.4382623e-09
0.25880133, 7.3412212e-09
0.29577295, 6.9563726e-09
0.33274457, 7.0756886e-09
0.36971619, 7.6138395e-09
0.4066878, 8.7328573e-09
0.44365942, 1.0840432e-08
0.48063104, 1.4381199e-08
0.51760266, 1.9822716e-08
0.55457428, 2.7864422e-08
0.5915459, 3.9095781e-08
0.62851751, 5.299321e-08
0.66548913, 6.677961e-08
0.70246075, 7.3546085e-08
0.73943237, 6.4048634e-08
0.77640399, 3.6841247e-08
0.81337561, 1.157698e-08
0.85034723, 2.5911369e-08
0.88731884, 8.5127186e-08
0.92429046, 1.1161389e-07
0.96126208, 4.1203038e-08
0.9982337, 8.7095574e-09
1.0352053, 1.461696e-07
1.0721769, 1.837273e-07
1.1091486, 1.4773478e-08
1.1461202, 1.1164528e-07
1.1830918, 2.8612399e-07
1.2200634, 7.6881686e-08
1.257035, 8.2069281e-08
1.2940066, 4.8459953e-07
1.3309783, 1.6658882e-07
1.3679499, 2.2258639e-07
1.4049215, 1.0237804e-06
1.4418931, 1.2512035e-07
1.4788647, 1.3115443e-06
1.5158364, 2.3929837e-06
1.552808, 2.8065289e-07
1.5897796, 9.9238698e-06
1.6267512, 1.8412645e-06
1.6637228, 3.9004969e-05
1.7006945, 8.0156074e-05
1.7376661, 0.00024357404
1.7746377, 0.0070587022
1.8116093, 0.033706354
1.8485809, 0.071374677
1.8855525, 0.080045573
1.9225242, 0.047629792
1.9594958, 0.012998144
1.9964674, 0.00091782093
2.033439, 1.6234282e-05
2.0704106, 1.6872471e-05
2.1073823, 1.9299404e-06
2.1443539, 9.363057e-07
2.1813255, 5.3089307e-07
2.2182971, 4.0805756e-08
2.2552687, 1.4733591e-07
2.2922403, 2.5004379e-09
2.329212, 3.0643335e-08
2.3661836, 1.1423726e-08
2.4031552, 1.4729313e-09
2.4401268, 7.1545027e-09
2.4770984, 9.3374417e-10
2.5140701, 8.6442562e-10
2.5510417, 1.5468309e-09
2.5880133, 1.6522679e-10
2.6249849, 2.8872e-10
2.6619565, 3.7107285e-09
2.6989282, 1.0473793e-08
2.7358998, 2.2422605e-06
2.7728714, 2.5188827e-05
2.809843, 9.0347451e-05
2.8468146, 0.00011619687
2.8837862, 7.3704267e-05
2.9207579, 1.7227349e-05
2.9577295, 5.0194746e-07
2.9947011, 6.7950677e-10
3.0316727, 1.1552076e-10
3.0686443, 2.666995e-11
3.105616, 2.0419639e-11
3.1425876, 7.5475476e-12
3.1795592, 1.8875639e-12
3.2165308, 2.694085e-13
3.2535024, 2.4269498e-12
3.290474, 1.2818645e-11
3.3274457, 1.1627889e-11
3.3644173, 2.2884977e-11
3.4013889, 3.2625889e-10
3.4383605, 4.1672686e-10
3.4753321, 3.2996066e-08
3.5123038, 2.6875562e-07
3.5492754, 6.0813284e-07
3.586247, 1.2458456e-07
3.6232186, 5.1048665e-09
3.6601902, 4.5792845e-10
3.6971619, 1.1637381e-10
