# 
# 
# kRn: sum[Phi,Eta,specRn] density
0.022957824, 4.0501668
0.045915648, 0.046105894
0.068873472, 0.071232268
0.091831296, 0.12580316
0.11478912, 0.14923421
0.13774694, 0.11347694
0.16070477, 0.081129802
0.18366259, 0.07919104
0.20662042, 0.15737852
0.22957824, 0.28251018
0.25253607, 0.28237182
0.27549389, 0.18969732
0.29845171, 0.15139448
0.32140954, 0.11787722
0.34436736, 0.083715067
0.36732519, 0.051145387
0.39028301, 0.052068221
0.41324083, 0.081630829
0.43619866, 0.075519728
0.45915648, 0.045879301
0.48211431, 0.046756769
0.50507213, 0.055348452
0.52802995, 0.034708763
0.55098778, 0.019887134
0.5739456, 0.023975366
0.59690343, 0.020971817
0.61986125, 0.033416019
0.64281908, 0.035117443
0.6657769, 0.015795629
0.68873472, 0.023501746
0.71169255, 0.029739079
0.73465037, 0.014282451
0.7576082, 0.012020207
0.78056602, 0.014809533
0.80352384, 0.013931766
0.82648167, 0.013521731
0.84943949, 0.012039829
0.87239732, 0.012580571
0.89535514, 0.0115036
0.91831296, 0.0081910199
0.94127079, 0.0076309945
0.96422861, 0.005268269
0.98718644, 0.0033804687
1.0101443, 0.0027303593
1.0331021, 0.0012066515
1.0560599, 0.0010992188
1.0790177, 0.00047339935
1.1019756, 0.00049150515
1.1249334, 0.00031993122
1.1478912, 0.0003485643
1.170849, 0.00030998858
1.1938069, 0.00027805405
1.2167647, 0.00026949748
1.2397225, 0.00020556705
1.2626803, 0.00018124587
1.2856382, 0.00012393148
1.308596, 0.00010057056
1.3315538, 6.7312158e-05
1.3545116, 5.4832706e-05
1.3774694, 3.5083514e-05
1.4004273, 2.9074964e-05
1.4233851, 1.9400731e-05
1.4463429, 1.7102202e-05
1.4693007, 1.3361714e-05
1.4922586, 1.1474727e-05
1.5152164, 1.0732552e-05
1.5381742, 9.3518176e-06
1.561132, 7.4148048e-06
1.5840899, 7.254025e-06
1.6070477, 4.6049405e-06
1.6300055, 4.4710429e-06
1.6529633, 3.5526669e-06
1.6759212, 2.3353809e-06
1.698879, 2.1014339e-06
1.7218368, 1.7171068e-06
1.7447946, 1.4848724e-06
1.7677525, 1.0926176e-06
1.7907103, 8.9968825e-07
1.8136681, 8.0653171e-07
1.8366259, 6.3372735e-07
1.8595838, 5.1717562e-07
1.8825416, 5.3697833e-07
1.9054994, 5.0025008e-07
1.9284572, 4.3416681e-07
1.951415, 4.0847111e-07
1.9743729, 3.2223488e-07
1.9973307, 2.9899292e-07
2.0202885, 2.1245681e-07
2.0432463, 1.9862556e-07
2.0662042, 1.3962664e-07
2.089162, 1.2102984e-07
2.1121198, 9.974606e-08
2.1350776, 6.6140299e-08
2.1580355, 6.0872155e-08
2.1809933, 3.6347998e-08
2.2039511, 3.1476493e-08
2.2269089, 2.7486995e-08
2.2498668, 1.5280745e-08
2.2728246, 1.5557166e-08
2.2957824, 1.5739545e-08
