# 
# 
# kRn: sum[Phi,Eta,specRn] density
0.016233633, 1.241006e-05
0.032467266, 2.7995385e-05
0.048700899, 5.4430509e-05
0.064934532, 0.00010757207
0.081168166, 0.00026695847
0.097401799, 0.00077389673
0.11363543, 0.0021237813
0.12986906, 0.0049508439
0.1461027, 0.0094480945
0.16233633, 0.014483556
0.17856996, 0.017508518
0.1948036, 0.016496811
0.21103723, 0.012690166
0.22727086, 0.010037953
0.2435045, 0.010749393
0.25973813, 0.014126888
0.27597176, 0.021274973
0.2922054, 0.036807635
0.30843903, 0.070161845
0.32467266, 0.14011187
0.3409063, 0.24887907
0.35713993, 0.34638435
0.37337356, 0.38434819
0.38960719, 0.38757979
0.40584083, 0.39709562
0.42207446, 0.40927443
0.43830809, 0.40733018
0.45454173, 0.38631803
0.47077536, 0.34894115
0.48700899, 0.29615535
0.50324263, 0.23610268
0.51947626, 0.18375517
0.53570989, 0.15884422
0.55194353, 0.17874346
0.56817716, 0.23825354
0.58441079, 0.31808011
0.60064443, 0.39462724
0.61687806, 0.44767567
0.63311169, 0.4603764
0.64934532, 0.42191987
0.66557896, 0.33823972
0.68181259, 0.23705931
0.69804622, 0.15492421
0.71427986, 0.1167782
0.73051349, 0.12455223
0.74674712, 0.15970273
0.76298076, 0.19423751
0.77921439, 0.2051222
0.79544802, 0.18564676
0.81168166, 0.14584006
0.82791529, 0.10276937
0.84414892, 0.069870601
0.86038256, 0.052437561
0.87661619, 0.048401594
0.89284982, 0.050997282
0.90908345, 0.052596212
0.92531709, 0.048606925
0.94155072, 0.038836381
0.95778435, 0.026265086
0.97401799, 0.014987153
0.99025162, 0.0078891876
1.0064853, 0.0050262385
1.0227189, 0.0042905527
1.0389525, 0.0037176484
1.0551862, 0.002922347
1.0714198, 0.0025631993
1.0876534, 0.0029963053
1.1038871, 0.003753892
1.1201207, 0.0041368586
1.1363543, 0.0038955367
1.152588, 0.0032277525
1.1688216, 0.0024016403
1.1850552, 0.0016098747
1.2012889, 0.0010232284
1.2175225, 0.00071951153
1.2337561, 0.00060181832
1.2499897, 0.00051836776
1.2662234, 0.00040218782
1.282457, 0.00026583007
1.2986906, 0.00014787941
1.3149243, 7.1987432e-05
1.3311579, 3.1112686e-05
1.3473915, 1.0910069e-05
1.3636252, 3.8693385e-06
1.3798588, 2.5279685e-06
1.3960924, 1.6493058e-06
1.4123261, 7.2456701e-07
1.4285597, 2.0298613e-07
1.4447933, 3.3252125e-08
1.461027, 1.0730303e-08
1.4772606, 8.9262744e-09
1.4934942, 1.0865689e-08
1.5097279, 1.4552158e-08
1.5259615, 1.5950887e-08
1.5421951, 1.141965e-08
1.5584288, 1.3040148e-08
1.5746624, 1.0257362e-08
1.590896, 9.9541352e-09
1.6071297, 1.0074024e-08
1.6233633, 1.0956286e-08
