# Ovr(Phi.Eta.Rn.Rn)
# H0
# Exp0
#      Time            CPU <Ovr(Phi.Eta.Rn.Rn)>                <H0>              <Exp0>
      -110.319982391           0                   1     -0.499999992238                   1
      -107.561982831       7.521                   1     -0.499999973115                   1
      -104.803983271       15.08      0.999999999999     -0.499999129608      0.999999999999
      -103.399823945       17.53      0.999999999999     -0.499996638301      0.999999999999
      -102.045983712       21.66      0.999999999999     -0.499989626385      0.999999999999
      -99.2879841519       28.84      0.999999999998     -0.499935752794      0.999999999998
      -96.5299845921       36.38      0.999999999985     -0.499777383221      0.999999999985
      -93.7719850324       44.07      0.999999999885      -0.49953717311      0.999999999887
      -91.0139854726       51.73      0.999999999443     -0.499380998846      0.999999999448
      -89.9277385932       53.32      0.999999999053     -0.499367347106      0.999999999061
      -88.2559859128       59.35      0.999999998058     -0.499367549658      0.999999998074
      -85.4979863531       67.24      0.999999994792     -0.499224028659       0.99999999483
      -83.4389408699       73.17       0.99999999046     -0.498885170098      0.999999990528
      -79.9819872335       83.47      0.999999978497     -0.498111489198      0.999999978637
      -77.2239876737        91.7      0.999999964596     -0.497145883136      0.999999964812
      -77.0294127859        91.7      0.999999963484     -0.497032043488      0.999999963706
       -74.465988114       99.91      0.999999947579     -0.494394688517      0.999999947878
      -71.7079885542       108.3      0.999999928288     -0.488895308585       0.99999992867
      -70.6212694971       110.9      0.999999920171      -0.48636356314      0.999999920588
      -68.9499889944       116.7      0.999999906973     -0.482957343444      0.999999907447
      -66.1919894347       125.9      0.999999881969     -0.480905276105      0.999999882572
      -64.3085354715       130.8      0.999999858988     -0.482574878839      0.999999859742
      -63.4339898749       134.9      0.999999845073     -0.483887092303       0.99999984593
      -60.6759903151         144      0.999999777603     -0.487602262722       0.99999977903
      -57.9649517345       152.6      0.999999655796     -0.487598582716      0.999999658264
      -57.9179907553       153.2      0.999999653073     -0.487566803803      0.999999655563
      -55.1599911956       163.1      0.999999455208     -0.485209065903      0.999999459217
      -52.4019916358       172.6      0.999999187865     -0.483111622694      0.999999193723
      -51.8993865318       172.6      0.999999130799     -0.482544322955      0.999999137052
       -49.643992076       182.1      0.999998807999     -0.477084239448      0.999998816781
      -46.8859925162       192.1       0.99999793984     -0.459720241105      0.999997957277
      -45.8439306606       194.4       0.99999723803     -0.450168873076      0.999997262765
      -41.3699933967       214.9      0.999985308128     -0.413704183186      0.999985442748
       -39.685810044       222.4      0.999971330431     -0.411401081071      0.999971575801
      -38.6119938369       228.4      0.999957117877      -0.41446837403      0.999957464324
      -35.8539942772       243.1       0.99989580677     -0.433829289245      0.999896509885
      -33.5772837815       254.2      0.999820266094     -0.449369825879      0.999821298111
      -33.0959947174       257.5      0.999802562467      -0.45127632848      0.999803658422
      -30.3379951576       274.3      0.999701217659     -0.452852768594      0.999702596678
      -27.6591831702       290.1      0.999619077452     -0.450244255536      0.999620583195
      -27.5799955978       291.1      0.999617018289     -0.450187488555      0.999618526004
      -24.8219960381       307.2      0.999557258456     -0.445068895157       0.99955881102
      -22.0639964783       323.3      0.999502126266      -0.42540651629      0.999503855285
      -21.6490999446         324      0.999490461971     -0.420822179286      0.999492260195
      -19.3059969185       338.4      0.999367771715     -0.388559754215      0.999370436889
      -16.5479973588       354.4      0.998935414145     -0.348190927187      0.998940907553
      -15.5899628907       359.8      0.998647591875     -0.337211402187      0.998654733552
       -13.789997799       372.9      0.997817663369     -0.323596591877      0.997828871107
      -11.0319982392       393.1      0.995720614511     -0.326641730211      0.995739051947
      -9.85517090549       401.7      0.994591906215     -0.338571431888      0.994612937567
      -8.27399867944       416.7      0.993005169194     -0.360994562311      0.993028702682
      -5.51599911967       440.1      0.990459339204     -0.392301993668      0.990484659893
      -4.17858270617       449.6      0.989454437813      -0.39696313147       0.98947975665
       -2.7579995599       463.1      0.988585785454     -0.397633219645      0.988610708106
  -1.25736754342e-10       485.6      0.987437026186     -0.398706655871      0.987460621859
       1.54208987047       497.5      0.987026473254     -0.395838474936      0.987049392462
       2.75799955965       508.1      0.986763488722     -0.389335022392      0.986786100561
       5.51599911942       529.5      0.986097976402     -0.364724336483       0.98612162543
       7.30902421155       541.4      0.985271931792      -0.34475328122      0.985299457336
       8.27399867919       549.9      0.984534346723     -0.332794579981      0.984565773246
        11.031998239       571.9      0.980477183965     -0.301564822647      0.980528065466
       13.0426447398       587.3      0.975064874878     -0.290437568266      0.975134993745
       13.7899977987       595.2       0.97251738181     -0.289071817221      0.972594163383
       16.5479973585       620.3      0.961764537907     -0.299355567798      0.961855385282
       18.8654437793       637.2      0.953084157214     -0.325430298939      0.953173805064
       19.3059969183       641.7      0.951608921048     -0.331000855615      0.951697646509
        22.063996478       665.1      0.943886216312     -0.356872438476      0.943968309996
       24.8200939826         683      0.938589868971     -0.364204990381      0.938665798128
       24.8219960378       685.3      0.938586939572     -0.364208086125      0.938662864651
       27.5799955976       705.3      0.935183755008     -0.368334712869      0.935254040264
       30.3379951574       725.6      0.932959346286     -0.363992572036       0.93302600336
       30.8076442122       726.9      0.932627991599     -0.362329142112      0.932694457879
       33.0959947171         745      0.930882957723     -0.353012931221      0.930950123501
       35.8539942769       765.1      0.927941853556     -0.338207451173      0.928011881861
       36.7845554396       770.8      0.926631623849     -0.332386336825      0.926703441857
       38.6119938367         786      0.923418485645     -0.325105372864      0.923496548053
       41.3699933965       806.3      0.916544571069       -0.3325118502      0.916640735162
       42.7090837013       814.7      0.912271816497     -0.340297635966      0.912379487813
       44.1279929562       825.9      0.907231672938     -0.348721144108      0.907350860279
        48.783150685       852.6      0.890957609471     -0.368859207148      0.891088184678
       49.6439920758       859.2      0.888518579823      -0.37080395953       0.88864730322
       52.4019916355       877.2      0.882214061332      -0.37508134346      0.882334174035
       54.9423708284       892.5      0.878084307628      -0.37701652183      0.878196018013
       55.1599911953       894.2       0.87778612671     -0.377057432541      0.877897192668
       60.6759903149       931.8      0.871784475814     -0.376865388719      0.871878836083
       60.9761145421       932.4      0.871531063512     -0.376933787567      0.871624137466
       63.4339898746       950.1      0.869795840887      -0.37651602645      0.869877990305
       66.1919894344       966.2      0.868349972124     -0.374508937863      0.868424614379
       67.0498208093       970.3      0.867904321582     -0.374825814636      0.867978513746
       68.9499889942       981.6      0.866757266088      -0.37860104106      0.866833485367
       71.7079885539       996.4      0.864523311477     -0.386737717382      0.864606775234
       73.0907425507        1004      0.863173890737     -0.389036373838      0.863261201949
       77.2239876735        1029      0.858838074835     -0.390753022441      0.858931411169
        79.213129611        1038      0.856917263939     -0.392352038109      0.857009600084
       79.9819872333        1044      0.856240196342     -0.393033694418      0.856331623872
       85.4694360106        1074       0.85247086178     -0.393735599061      0.852553275519
       85.4979863528        1076      0.852455109835     -0.393729706536      0.852537480048
       88.2559859126        1089      0.851034463777     -0.393737748056      0.851113233058
       91.0139854723        1106      0.849720210764     -0.394300947642      0.849796347178
       91.5755657854        1108       0.84945769414      -0.39433220139      0.849533337087
       93.7719850321        1120      0.848444606857     -0.394040504569      0.848518172295
       96.5299845919        1133      0.847230284897      -0.39345392126      0.847300453092
       97.5952793525        1138      0.846790973978     -0.393392993846       0.84685952547
       99.2879841517        1147      0.846140022879     -0.393491373716      0.846205674154
       102.045983711        1161      0.845226978892     -0.393747525049      0.845287242713
       103.635902255        1168      0.844791315658     -0.393802498145      0.844848262378
       104.803983271        1173      0.844513904279     -0.393812862659      0.844568384012
       107.561982831        1186      0.843995188311     -0.393829165023      0.844043937507
       109.662233899        1195       0.84371584195     -0.393844393825      0.843760469886
         115.8204654        1213      0.843320562186     -0.393870297076      0.843354979045
        115.83598151        1215      0.843320146754      -0.39387034641      0.843354541532
        118.59398107        1223      0.843276793257     -0.393878269912      0.843307521423
        121.35198063        1231      0.843279314541     -0.393885033183      0.843306835799
        121.86811464        1231      0.843283359648     -0.393886227955      0.843310325688
        126.86797975        1247      0.843354571159     -0.393897615996      0.843376812236
       127.944953941        1249      0.843373393656     -0.393900137015      0.843394758471
       129.625979309        1255      0.843402500072     -0.393904172189      0.843422588821
       132.383978869        1262       0.84344531233     -0.393911098102      0.843463542088
       134.235778018        1267      0.843467572771     -0.393915970147      0.843484712064
       135.141978429        1270      0.843475877744     -0.393918417696      0.843492527784
       137.899977989        1277      0.843488357972      -0.39392611453      0.843503690321
       140.291892806        1283      0.843481004387     -0.393933093185      0.843495392645
       140.657977548        1285      0.843478223788     -0.393934187263      0.843492483176
       143.415977108        1292      0.843441976292     -0.393942669616      0.843455393768
       146.173976668        1299      0.843376839411     -0.393951613617      0.843389636325
       146.354423305        1299      0.843371514707     -0.393952216039      0.843384278551
       148.931976228        1305      0.843280599372     -0.393961061483      0.843292989519
       152.487744467        1315      0.843108005362     -0.393973997807      0.843120173958
       154.447975347        1320      0.842988791335        -0.393981468       0.84300097675
       157.205974907        1327      0.842791874221      -0.39399231822      0.842804239761
       158.651593406        1329      0.842675157668     -0.393998130706      0.842687686108
       162.721974027        1340      0.842298366276     -0.394014758615       0.84231157954
         164.8406913        1344      0.842075621194     -0.394023448276      0.842089306543
       165.479973586        1347      0.842005065696     -0.394026060412      0.842018906907
       168.237973146        1354      0.841684113706     -0.394037217994      0.841698689005
       170.967318488        1360      0.841342480384     -0.394047983061      0.841357863278
       170.995972706        1361      0.841338779511     -0.394048094188      0.841354171229
       173.753972266        1368       0.84097276334     -0.394058569874       0.84098902995
       176.511971825        1374      0.840590055029     -0.394068547095        0.8406072319
       177.086202842        1374      0.840508655639     -0.394070554249      0.840526024441
       182.027970945        1388      0.839791148014     -0.394086720166      0.839810166714
       183.421394951        1390      0.839585325462     -0.394090898284      0.839604799911
       184.785970505        1394      0.839383193486      -0.39409482034      0.839403106379
       187.543970064        1400      0.838974843442     -0.394102225264      0.838995611484
       189.856345886        1404      0.838634862779     -0.394107888135      0.838656308031
       193.059969184        1413      0.838171439204     -0.394114906291      0.838193749656
       195.817968744        1419      0.837782961099     -0.394120181468      0.837805938232
       196.290750593        1419      0.837717571079     -0.394121015095      0.837740654595
       201.333967863        1431      0.837046840071     -0.394128643595      0.837070902296
       202.981899368        1434       0.83683981614     -0.394130645504      0.836864132822
       204.091967423        1437      0.836704160307     -0.394131861372      0.836728629362
       209.767761937        1449      0.836063364579     -0.394136471104       0.83608836462
       212.365966102        1455      0.835802249171     -0.394137728924      0.835827350027
       215.123965662        1460      0.835549081367     -0.394138520366      0.835574189903
       216.696220744        1464      0.835416251725     -0.394138734915      0.835441318856
       220.639964782        1472      0.835121043121     -0.394138576227      0.835145861718
       223.391754911        1478      0.834947914249     -0.394137930296      0.834972439734
       223.397964342        1478       0.83494755443     -0.394137928386      0.834972079145
       226.155963901        1484      0.834801484488     -0.394136895018      0.834825620698
       228.913963461        1490      0.834682711419     -0.394135529131      0.834706369721
        230.25423379        1491      0.834634720443     -0.394134761874      0.834658116159
        237.18796214        1507        0.8344836746     -0.394130000667      0.834505436263
       237.238032437        1507      0.834483148384     -0.394129962805      0.834504896788
        242.70396126        1518      0.834469564039     -0.394125702323      0.834489771917
       244.235950224        1519      0.834480169428     -0.394124496554      0.834499919692
        245.46196082        1524      0.834492728803     -0.394123539896      0.834512107473
       250.977959939        1535      0.834588244069     -0.394119448433       0.83460592315
       256.493959059        1547      0.834732892502     -0.394115965597      0.834748900973
       257.961355326        1549      0.834777089811     -0.394115179634      0.834792670729
       259.251958619        1552      0.834817371161     -0.394114544234      0.834832584375
       262.009958178        1558      0.834906714258     -0.394113373329      0.834921172393
       264.767957738        1564      0.834998644191     -0.394112472831      0.835012395826
       264.924435349        1564      0.835003893154     -0.394112430158       0.83501760631
       267.525957298        1569      0.835091047514     -0.394111856455      0.835104148104
       270.283956858        1575       0.83518199868      -0.39411153194         0.835194509
       271.929775298        1577      0.835234861836     -0.394111478431      0.835247050499
       273.041956417        1579       0.83526977366     -0.394111501396      0.835281758288
       278.557955537        1590      0.835429922463     -0.394112305334      0.835441057712
       279.125588633        1591      0.835444932126      -0.39411245136      0.835455995447
       281.315955097        1596      0.835499852839     -0.394113120534        0.8355106656
       284.073954657        1601      0.835561696982     -0.394114192477      0.835572254638
       286.119108256        1604      0.835601867248     -0.394115142858      0.835612278414
       289.589953776        1613      0.835658148077     -0.394117034062      0.835668391393
       292.347953336        1618      0.835691641915     -0.394118762324      0.835701821693
       293.022407891        1618      0.835698271584     -0.394119212471      0.835708444906
       295.105952896        1624      0.835714810895     -0.394120665414      0.835724986098
       297.863952455        1630      0.835727454358     -0.394122719294       0.83573768096
       300.011838576        1632      0.835729970122      -0.39412440729      0.835740273395
       300.621952015        1635      0.835729517816     -0.394124899018      0.835739848453
       303.379951575        1641      0.835721099698     -0.394127178829       0.83573158325
       306.137951135        1647      0.835702458273     -0.394129532278      0.835713139368
       307.041859817        1647      0.835694191042     -0.394130315079      0.835704945794
       311.653950254        1657        0.8356363634     -0.394134351875      0.835647553586
       314.142152788        1660      0.835595109398     -0.394136528581      0.835606569238
       321.394290476        1674      0.835442092781     -0.394142650222      0.835454423501
       328.556408922        1690       0.83525880912     -0.394148019397      0.835272022058
       330.959947173        1695      0.835193911098     -0.394149602381      0.835207402546
