# Ovr(X.X)
# H0
# Exp0
# Exp1
#      Time            CPU           <Ovr(X.X)>                <H0>              <Exp0>              <Exp1>
      -110.319982391           0                   1      -0.50000117571      0.998643774759      0.999999781698
      -100.945225751   3.629e-06      0.999999999993     -0.499973544678      0.998641598776      0.999999781447
      -99.2879841518      0.1215      0.999999999992     -0.499911147312      0.998635677932      0.999999781483
       -91.560682725      0.1215      0.999999999974     -0.496914858392       0.99834922102      0.999999398761
      -88.2559859127      0.2525      0.999999999878     -0.492308190427      0.998027736253      0.999998381802
      -82.3090597802      0.2525      0.999999998444     -0.476984202623      0.997662371379      0.999994891726
      -77.2239876736      0.3762      0.999999993443     -0.460741079843      0.998127685392      0.999992271999
      -73.2486512027      0.3762      0.999999985839     -0.451197342984      0.998670967024      0.999992693346
      -66.1919894345      0.4979      0.999999948145     -0.454051774715      0.998516166789      0.999991858658
       -64.053773664      0.4979      0.999999922339     -0.460725821649      0.998178416326      0.999990611738
      -55.1599911954      0.6196      0.999999797412     -0.488506400518      0.994126475915      0.999969563132
      -54.5493601401      0.6196      0.999999795036     -0.488233252193      0.993544897018      0.999963112315
      -45.3396914792      0.6196      0.999999133328     -0.386605840164      0.974909621581      0.999149240452
      -44.1279929564      0.7476      0.999997942843      -0.35607110525      0.971216032604      0.998730885396
       -36.069645697      0.7476      0.999832373159    -0.0630235563026      0.947321621562      0.990590895542
      -33.0959947173      0.8646      0.999310406504     0.0641901057346      0.943961831167       0.98548731802
      -26.9514207378      0.8646      0.996060847575      0.270675137447      0.950233382485       0.97533434322
      -22.0639964782      0.9628      0.991671763361       0.27858467584      0.957453659198      0.970598819856
      -17.7697589973      0.9628      0.988037600238      0.133372221013      0.954997487728      0.969165975572
      -11.0319982391       1.066      0.984986869325     -0.118790077092      0.938086460215      0.969998881304
      -8.55176636717       1.066       0.98481417875     -0.189645872968      0.927510933095      0.970027881502
       0.55611065531       1.186      0.986334124939     -0.357176238288      0.844179331853      0.958481738065
       10.0379423694       1.186      0.966129627203     -0.166432469269       0.69537093161      0.847923972074
       11.0319982391       1.311      0.955368585856     -0.134529919727      0.682409786448      0.833820660717
       19.4599303423       1.311      0.873847724291      0.166755571639      0.640442882197      0.725849186712
       22.0639964782       1.421      0.830744609737      0.230609880888      0.639987797478      0.711492603745
        28.837452231       1.421       0.77465987708      0.195936551425      0.650287101404      0.682985382936
       33.0959947173       1.525      0.746215738533     0.0489589157384      0.644137760296      0.677644341724
        37.917882796       1.525      0.735531774553    -0.0509570398936      0.641636273657      0.681531990591
       47.0989651527       1.645      0.735052587303     -0.200254711852      0.642908496351      0.673543134395
       56.2589115754       1.762       0.73199199774     -0.252194418142      0.627020059765      0.667395710409
       65.4224873501       1.811      0.719572758186     -0.245630055104      0.631224666531      0.658211868052
       66.1919894345       1.878      0.717771426943     -0.246651902297      0.631120789926       0.65736972587
       74.4055936811       1.878      0.716931722811     -0.274239871924      0.626983433341      0.660177898869
       77.2239876736       1.994      0.710259695156     -0.285716310495      0.619722745124      0.659499946553
       83.4364432278       1.994      0.711917063363     -0.288111161471      0.636675646899      0.658560388757
       93.0170246546        2.11      0.700052979285      -0.29940320602      0.627364276186      0.651692192538
       99.2879841518       2.239      0.694240620967     -0.303346249113      0.616574371125      0.650597364974
         102.1909639       2.239      0.693013546099     -0.303431919809      0.616345702428      0.649955091833
       111.229464189       2.356      0.691148802468     -0.304310922544      0.612084886094      0.645870131433
       120.387285785       2.356      0.689211327579      -0.30479636964      0.621875656316      0.640346252596
        121.35198063       2.426      0.688930790087     -0.304830517614      0.621420340274      0.639741126213
       129.677459282       2.426      0.685820169957     -0.305014151065      0.616479776329      0.634654220118
       132.383978869         2.5      0.684547060172     -0.305039436664      0.615880753782      0.632923730098
       138.872690988         2.5      0.681021945049     -0.305051113996      0.615563268233      0.628700538985
       143.415977108        2.57      0.678223035976     -0.305026899892      0.612088081323      0.625936759114
       147.961320305        2.57      0.675224363084     -0.304982340665      0.610071271643      0.623567268044
       154.447975347        2.64      0.670729934232     -0.304892280583      0.611241197444      0.621380877119
       156.951412725        2.64      0.668960405942     -0.304851233711      0.608891496124      0.620836412768
       165.862253037        2.71      0.662674115213     -0.304686863829      0.607117871504      0.620096895833
        175.26630978        2.71      0.656337763201     -0.304498929174      0.613368786856      0.620662460162
       184.521494455       2.781      0.650684763936     -0.304317823881      0.615804992188       0.62207271304
       187.543970064       2.852      0.648995603426     -0.304262068334      0.616304732059       0.62245463902
       193.871332704       2.852      0.645728281073      -0.30415328128      0.611880868094      0.622978661693
       198.575968304       2.922       0.64353330685     -0.304080305934      0.609934666808      0.622842612564
       203.310122546       2.922      0.641516128975     -0.304014019085       0.61230067493      0.622492558977
       212.415450341       2.991      0.638119180421     -0.303905789852      0.607259827714      0.621567816604
       220.639964782       3.059      0.635511540996     -0.303827059835      0.608524831215      0.620989063055
       221.778974672       3.059      0.635179997818     -0.303817372537       0.60886134851      0.620913074857
        231.39528258       3.059      0.632631113519     -0.303745312233      0.607551392722      0.620233586731
       231.671963021       3.129      0.632563976389     -0.303743467408      0.607730895822      0.620221725943
       240.715731732       3.129      0.630544741693     -0.303688970086      0.615626869602       0.61959998991
        242.70396126       3.205      0.630144725857     -0.303678360742      0.615247454459      0.619439149152
       250.033920358       3.205      0.628799164923     -0.303643005338      0.612331235059      0.618668862362
       253.735959499       3.281      0.628193389568     -0.303627226774      0.613612065934      0.618023408774
       259.292376629       3.281      0.627370904839      -0.30360589461       0.61237055037      0.617005850164
       264.767957738       3.351      0.626655902528     -0.303587386382      0.606484861234      0.615943926914
       268.641446735       3.351      0.626204613536     -0.303575717381      0.606102949641      0.615293304227
       275.799955977       3.421      0.625489013966     -0.303557413371      0.606963700059      0.614711623309
       277.713859281       3.421      0.625324793017     -0.303553327284      0.605556248536      0.614622541842
       286.831954216        3.49      0.624718447417     -0.303539795636      0.607379800231      0.614718799895
        287.00418083        3.49       0.62471004561     -0.303539649605      0.607570036483      0.614727942116
       296.281750732        3.49      0.624449926091     -0.303539259592      0.609636216745      0.615179145301
       297.863952455        3.56       0.62444610378     -0.303540825089      0.609001869121      0.615274964404
       305.571184655        3.56       0.62461226443     -0.303556279285      0.610710993317      0.615587149762
       308.895950694       3.629      0.624781610698     -0.303567208138      0.611281951411      0.615548346475
       315.112388269       3.629      0.625256499758     -0.303594764157      0.607732851863      0.615205379727
       319.927948934       3.699      0.625760521703     -0.303622317641      0.607928317119      0.614666371959
       324.267818473       3.699      0.626308516019      -0.30365142214      0.610834492439      0.614130409947
       330.959947173        3.77      0.627306867303     -0.303703155314       0.60704391166      0.613361430377
       333.312312368        3.77      0.627696428337     -0.303723013325      0.605093547968      0.613124920081
       341.991945412        3.84      0.629275221067     -0.303801980689        0.6084287929      0.612567403257
       342.455977292        3.84      0.629365030804     -0.303806404118      0.608515106132      0.612544349948
       351.519347587        3.84       0.63120395083     -0.303895361234      0.606682758561      0.612375606818
       353.023943651        3.91      0.631522209501      -0.30391043876       0.60762083618      0.612428763183
       360.912073315        3.91      0.633230955405     -0.303989792245      0.611580917691       0.61311472015
        364.05594189        3.98      0.633924116296     -0.304021254524      0.609518890849      0.613600860244
       370.081398964        3.98      0.635256657065     -0.304080726379      0.607129802692      0.614683151282
       375.087940129       4.051      0.636354425688      -0.30412891073      0.610112828363      0.615663441477
       379.343201731       4.051      0.637269998599     -0.304168688879      0.610729077683      0.616560389521
       386.119938368       4.121      0.638673868386      -0.30422923985      0.607731621898      0.618084745531
       388.334508451       4.121      0.639113844096     -0.304248170745       0.60825212164      0.618690137078
       397.151936607       4.198      0.640750209833     -0.304318876117      0.608432187671      0.621462050065
       397.451647919       4.198      0.640802266332     -0.304321144357      0.608181004575      0.621555748068
       406.734596974       4.198      0.642287825012      -0.30438702376      0.609272159558      0.624288898609
       416.102088508       4.273      0.643529269381     -0.304445198682      0.615162745347      0.625791104416
       419.215933085       4.344       0.64388343291     -0.304462733886      0.614383627566      0.626023605814
       425.310039622       4.344      0.644489873887     -0.304494401428      0.615847448657      0.625932508076
       430.247931324       4.414      0.644893791791     -0.304517350312       0.61416080376      0.625345720358
       434.729876081       4.414      0.645188540539     -0.304535862199      0.609188144645      0.624386355363
       441.279929564       4.485      0.645486981429     -0.304558313501      0.609798252364      0.622254990109
       444.082196104       4.485        0.6455634587     -0.304565985054      0.611932833764      0.621256893923
       452.311927803       4.555      0.645597233342     -0.304580487456      0.608529423398      0.618406906267
       453.554018274       4.555      0.645576589027     -0.304581519036      0.607853776605      0.618022212987
       462.801015156       4.555      0.645202985429     -0.304578465843      0.608756104357      0.615908563973
       463.343926042       4.627      0.645168931173     -0.304577671275      0.608598013581      0.615808571711
       472.013967906       4.627      0.644446143556     -0.304555371481       0.60582108643       0.61459288147
       474.375924281       4.699      0.644192507174      -0.30454615801      0.607589070398      0.614450911565
       481.197348478       4.699      0.643332392177     -0.304512249605      0.612285027514      0.614473273646
        485.40792252       4.771       0.64271306248     -0.304486218727      0.609809935673       0.61488717791
       490.500680023       4.771      0.641882235504     -0.304450075731      0.607760219869      0.615723553156
       496.439920759       4.843      0.640812023925     -0.304402357645      0.610844778788      0.616783553965
       499.728127602       4.843      0.640177856839      -0.30437375649      0.610593967744      0.617336490797
       507.471918998       4.913      0.638585125446     -0.304301519532      0.609791242069      0.618394991887
       509.154403128       4.913      0.638223207093     -0.304285083378      0.611260538871      0.618585172567
       518.394553671       4.913      0.636158635952     -0.304191546719      0.610633026967      0.619568116354
       518.503917237       4.984      0.636133561637     -0.304190414826      0.610505985388      0.619577572031
       527.773728419       4.984      0.633972551552     -0.304093440718       0.60805389492      0.619997315632
       529.535915476       5.054       0.63355597461     -0.304074895713      0.609002994156       0.61998419806
        537.04628478       5.054      0.631771316308     -0.303996028065      0.608347340956      0.619482657115
       546.211042417       5.123      0.629593647118     -0.303901003264      0.611807400229       0.61842287909
       551.599911954         5.2      0.628323995706     -0.303846161847      0.610316607208      0.617663732234
