# Ovr(Orbital&Phi.Phi.Eta.Rn.Rn)
# H0
# Exp0
#      Time            CPU <Ovr(Orbital&Phi.Phi.Eta.Rn.Rn)>                <H0>              <Exp0>
      -454.544553232           0                   1                -0.5                   0
      -447.044553232   4.072e-06       1.00000002818     -0.499999999992  -1.16549302394e-09
      -439.544553232   4.072e-06       1.00000001009     -0.499999999984  -4.09343222487e-08
      -432.044553232   4.072e-06       1.00000001154      -0.49999999997  -2.00397894218e-06
      -424.544553232   4.072e-06       1.00000002719     -0.499999999786  -5.34841600149e-06
      -417.044553232   4.072e-06      0.999999999997     -0.499999998799  -7.68339431277e-06
      -409.544553232   4.072e-06       1.00000002891      -0.49999999657  -6.42882629674e-06
      -402.044553232   4.072e-06       1.00000000859     -0.499999994547  -1.05165151619e-06
      -399.384562037      0.6465       1.00000002727     -0.499999995157   6.51349678142e-06
      -394.584562037      0.6465       1.00000001328     -0.499999995685    5.4122107244e-06
      -387.084562037      0.6465       1.00000002582     -0.499999999412   9.10559683669e-06
      -379.584562037      0.6465       1.00000000021     -0.499999994871   7.68024499874e-06
      -372.084562037      0.6465       1.00000002964     -0.499999963115   4.17681435594e-06
      -364.584562037      0.6465        1.0000000069     -0.499999896899   5.55300802606e-06
      -357.084562037      0.6465       1.00000001473     -0.499999826783   1.56682806186e-05
      -349.584562037      0.6465       1.00000002454     -0.499999815653   2.70001940408e-05
      -344.224570841       1.264       1.00000001238      -0.49999988438  -0.000108990274168
      -342.124570841       1.264       1.00000000054     -0.499999893769   1.63688296115e-05
      -334.624570841       1.264       1.00000002979     -0.499999975737  -3.54610042326e-05
      -327.124570841       1.264       1.00000000435     -0.499999884467  -0.000129885599671
      -319.624570841       1.264       1.00000001465     -0.499999520141   -0.00022959281086
      -312.124570841       1.619       1.00000002041     -0.499999031177  -0.000263149873773
      -304.624570841       1.619       0.99999999844     -0.499998745561   -0.00015822855377
      -297.124570841       1.619       1.00000002628     -0.499998859033   0.000107827303139
      -289.624570841       1.619      0.999999991626     -0.499999207601   0.000470352235875
      -289.064579646       1.935      0.999999993921     -0.499999327404   0.000441243745834
      -282.164579646       1.935      0.999999982272      -0.49999939232   0.000777084915145
      -274.664579646       1.935      0.999999942305     -0.499999148584   0.000874077088987
      -267.164579646       1.935      0.999999870374     -0.499998384838   0.000686553010691
      -259.664579646       1.935      0.999999859555      -0.49999713581   0.000294239932871
      -253.439579646       1.935      0.999999818063     -0.499995648619  -0.000460803759457
      -248.439579646       1.935      0.999999844902     -0.499993935069    0.00026070156334
      -243.439579646       1.935      0.999999810706     -0.499994539878  -0.000284680181383
      -238.439579646       1.935      0.999999744953     -0.499993920655   0.000537014238852
       -233.90458845       2.602      0.999999632646     -0.499996590162    -0.0011063173341
       -233.45458845       2.602      0.999999613281     -0.499996826528  -0.000889904131946
       -228.45458845       2.602      0.999999324709     -0.499994633112   -0.00040869925425
       -223.45458845       2.602      0.999998982015     -0.499995471243    0.00121748710792
       -218.45458845       2.602      0.999998523389     -0.499992411694   -0.00247322689172
       -213.45458845       2.602      0.999998075185     -0.499992589668   0.000999748587712
       -208.45458845       2.602      0.999997730866     -0.499985015163   8.26998903587e-05
       -203.45458845       2.602      0.999997483754     -0.499983665934   -0.00170532607463
       -198.45458845       2.602      0.999997440658     -0.499982796546     0.0011320724597
       -193.45458845       2.602      0.999997419716     -0.499978361416  -0.000587617579153
       -188.45458845       2.602      0.999997295043        -0.499980217   0.000569698676225
       -183.45458845       2.602       0.99999685508     -0.499978619858   -0.00112340575868
      -178.744597255       3.281      0.999995893588      -0.49998494531    0.00208154222946
      -178.494597255       3.281      0.999995827714     -0.499985300646     0.0018710398477
      -173.494597255       3.281      0.999994201693     -0.499977960819   0.000187646118099
      -168.494597255       3.281      0.999991967188     -0.499979832994   -0.00198507813243
      -163.494597255       3.281      0.999989437465     -0.499970831448    0.00437253298928
      -158.494597255       3.281       0.99998704872     -0.499969862553   -0.00241398991981
      -153.494597255       3.281      0.999985140252     -0.499951536767   0.000355430422321
      -148.494597255       3.616      0.999984078471     -0.499951212149    0.00248835181201
      -143.494597255       3.616      0.999983724212     -0.499947517463   -0.00199171037571
      -138.494597255       3.616      0.999983684604     -0.499939491054    0.00106599989587
      -133.494597255       3.616      0.999983253459     -0.499942966344  -0.000883767272549
      -128.494597255       3.616      0.999981500081     -0.499940803981    0.00179120419402
      -123.584606059       3.964      0.999977949713     -0.499951480987   -0.00318313867719
      -123.534606059       3.964      0.999977902914     -0.499951622665   -0.00312612101356
      -118.534606059       3.964      0.999972118016     -0.499936036378   0.000509947418358
      -113.534606059       3.964      0.999964610997     -0.499940062088    0.00236548209927
      -108.534606059       3.964      0.999956432456     -0.499922420937   -0.00620995267604
      -103.534606059       3.964      0.999948829771     -0.499917980225    0.00419772448768
      -98.5346060594       3.964      0.999943133094     -0.499885532634   -0.00131014799715
      -93.5346060594       3.964      0.999939900806      -0.49988883275   -0.00286515894552
      -88.5346060594       3.964      0.999938858653     -0.499879118552    0.00273017376257
      -83.5346060594       3.964      0.999938786046      -0.49986841178   -0.00157061435895
      -78.5346060594       3.964      0.999937650821      -0.49987294815    0.00112421584415
      -73.5346060594       3.964      0.999933539996     -0.499871965844   -0.00230428494789
      -68.5346060594       3.964      0.999924979735     -0.499885547972    0.00425721925751
      -68.4246148639       4.645      0.999924736809     -0.499886029006    0.00411497735969
      -63.5746148639       4.645      0.999911900603     -0.499861935259   -0.00156909313425
      -58.5746148639       4.645       0.99989533914     -0.499869700954   -0.00204546965665
      -53.5746148639       4.645      0.999877657095     -0.499845321561    0.00729788534849
      -48.5746148639       4.645      0.999861814072     -0.499836257704   -0.00575475548418
      -43.5746148639       4.645      0.999850127125     -0.499792496531    0.00257895314731
      -38.5746148639       4.645       0.99984363296     -0.499801389963    0.00261035272064
      -33.5746148639       4.645      0.999841576713     -0.499784239887   -0.00302377400032
      -26.8496148639       4.645      0.999841042109     -0.499772129278   0.000632462345661
      -19.3496148639       4.645      0.999834016413     -0.499786504443    0.00130758449979
      -13.2646236685       5.274      0.999817267282     -0.499795377963   -0.00458351004953
      -8.26462366849       5.274      0.999795688945     -0.499769295121    0.00108459786656
      -3.26462366849       5.274      0.999769393008     -0.499777692523    0.00291305356091
       2.46037633151       5.274      0.999738739318     -0.499742622599   -0.00781510991632
       7.46037633151       5.274      0.999716182412     -0.499744781019      0.002538078736
       12.4603763315       5.274       0.99970071472      -0.49970519026    0.00160517689931
       18.1853763315       5.613      0.999692378099      -0.49968224239   -0.00502912102531
       25.6853763315       5.613      0.999690686773     -0.499685212318   -0.00185935091004
       32.7853763315       5.613      0.999686586456     -0.499691652901     0.0017582531736
       37.7853763315       5.613       0.99967574591     -0.499679603048   -0.00256278142719
        41.895367527       5.938      0.999660363446     -0.499705031824    0.00442937447822
        42.745367527       5.938      0.999656467841     -0.499707731629    0.00228691411477
        47.745367527       5.938      0.999629539031     -0.499689357775    0.00285897095369
        52.745367527       5.938      0.999598773609     -0.499686564486   -0.00556055843953
        57.745367527       5.938      0.999568923125     -0.499665006492    0.00690428425357
        62.745367527       5.938      0.999544584563     -0.499669564852   -0.00173764883928
        67.745367527       5.938      0.999528513344     -0.499638746405   -0.00176608724282
        72.745367527       5.938      0.999520702307     -0.499627291074    0.00420480928906
        77.745367527       5.938      0.999518712351     -0.499631682516   -0.00234576061535
        82.745367527       5.938      0.999518191228     -0.499619241198    0.00111987042019
        87.745367527       5.938      0.999514626092     -0.499627660225   -0.00152109759179
        92.745367527       5.938      0.999504684526     -0.499621461671    0.00228372301481
       97.0553587224       6.574      0.999489984225     -0.499641558148   -0.00370640466466
       97.7053587224       6.574      0.999487312899     -0.499643571099   -0.00248353745824
       102.705358722       6.574      0.999463731778     -0.499631783745   -0.00153958990089
       107.705358722       6.574      0.999437361258     -0.499635077857    0.00387365169698
       112.705358722       6.574      0.999412431063     -0.499622890868   -0.00567284105905
       117.705358722       6.574      0.999392625235     -0.499627133784    0.00204129349503
       122.705358722       6.574      0.999379771662     -0.499606946937   0.000550110255575
       127.705358722       6.574      0.999373690023     -0.499603006836   -0.00282281376069
       132.705358722       6.574      0.999372073768     -0.499603651441    0.00173255313103
       137.705358722       6.574      0.999371628013     -0.499597062228  -0.000886121990666
       142.705358722       6.574      0.999369125236      -0.49960161775    0.00112888265391
       147.705358722       6.574      0.999362270085     -0.499600305631   -0.00165012812893
       152.215349918       7.217      0.999351968333     -0.499612958996    0.00265616084962
       152.665349918       7.217      0.999350748845     -0.499613982547     0.0021389233656
       157.665349918       7.217      0.999335473666     -0.499608844828   0.000524279542332
       162.665349918       7.217       0.99931888722     -0.499613920138   -0.00205425657367
       167.665349918       7.217      0.999303700677     -0.499609585576    0.00377852811055
       172.665349918       7.217       0.99929191388     -0.499612385975   -0.00166219988857
       177.665349918       7.217      0.999284539878     -0.499602563581   0.000225480355898
       182.665349918       7.217      0.999281099727     -0.499602106433    0.00144788819714
       187.665349918        7.61      0.999280166548     -0.499601346832  -0.000957851096411
       192.665349918        7.61      0.999279915794     -0.499599050354   0.000518024231748
       197.665349918        7.61      0.999278556727     -0.499600808277  -0.000699954872649
       202.665349918        7.61      0.999275184255     -0.499601682352   0.000922424775121
       207.375341113       7.884      0.999270003639     -0.499607775868   -0.00159133481545
       207.625341113       7.884      0.999269681634     -0.499608082281   -0.00145696708698
       212.625341113       7.884      0.999262650943     -0.499606983738  -2.06026006242e-05
       217.625341113       7.884      0.999255350637     -0.499610386493   0.000680577233714
       222.625341113       7.884      0.999248848594     -0.499609758153   -0.00193063555984
       227.625341113       7.884      0.999244051744     -0.499610956189   0.000923231781136
       232.625341113       7.884      0.999241147062     -0.499607654982   -0.00044862785673
       237.625341113       7.884      0.999239824615      -0.49960771716  -0.000479516039037
       242.625341113       7.884      0.999239505625     -0.499607119107   0.000314354266008
       247.625341113       7.884      0.999239348851     -0.499606765346  -0.000173455427866
       252.625341113       7.884      0.999238865453     -0.499607214189   0.000340251646305
       258.425341113       7.884      0.999237468368     -0.499608021283  -0.000347632068327
       265.910332309       8.572      0.999234584666     -0.499610216374  -0.000443129555017
       273.410332309       8.572      0.999231441681     -0.499611751215  -0.000298350485623
       280.910332309       8.572      0.999229182475     -0.499612047019  -5.02415417055e-05
       288.410332309       8.572      0.999228053603     -0.499611611541   0.000132380975326
       295.910332309       8.572      0.999227787435     -0.499611254721   0.000153152495012
       303.410332309       8.572      0.999227722539     -0.499611363145   2.99031662227e-05
       310.910332309       8.572      0.999227449429     -0.499611818028  -0.000137475121364
       317.695323504        9.22      0.999227054685     -0.499612265873  -0.000263659799445
       318.370323504        9.22      0.999227008123     -0.499612315832   -0.00024252463976
       325.870323504        9.22       0.99922647464     -0.499612649795  -0.000225110774522
       333.370323504        9.22      0.999226131553     -0.499612763601  -0.000116935885982
       340.870323504        9.22      0.999225962316     -0.499612725973   8.33549921287e-06
       348.370323504        9.22      0.999225900021     -0.499612659639   8.40106115964e-05
       355.870323504       9.607      0.999225916568     -0.499612656733    8.7870332147e-05
       363.370323504       9.607      0.999225864504     -0.499612725586   4.42820874663e-05
       370.870323504       9.607      0.999225848033     -0.499612811572  -2.02208567813e-06
         372.8553147       9.887      0.999225824055     -0.499612825098   5.16287624459e-05
         378.3303147       9.887      0.999225813835     -0.499612863514  -1.69419366902e-05
         385.8303147       9.887       0.99922578312     -0.499612875348   2.07728721137e-06
         393.3303147       9.887      0.999225803441     -0.499612871049   3.30750726886e-05
         400.8303147       9.887      0.999225772231     -0.499612870209   5.02630608529e-05
         408.3303147       9.887      0.999225792253     -0.499612874432   4.15100788417e-05
         415.8303147       9.887      0.999225783892     -0.499612878071   1.36768075941e-05
         423.3303147       9.887      0.999225771716     -0.499612879187  -1.54142513197e-05
       428.015305895       10.55      0.999225779508     -0.499612879131   3.28971393593e-06
       430.790305895       10.55      0.999225795845     -0.499612879297  -3.06001741766e-05
       438.290305895       10.55      0.999225765639     -0.499612879459  -2.71314264442e-05
       445.790305895       10.55      0.999225788656     -0.499612879711  -1.30562202141e-05
       453.290305895       10.55      0.999225777669     -0.499612879972   2.22816481791e-06
       460.769553232       10.86      0.999225769359     -0.499612880135   1.01366237715e-05
       468.269553232       10.86      0.999225791484     -0.499612880194   8.54668721319e-06
       475.769553232       10.86      0.999225761921     -0.499612880213   1.98057243114e-06
       483.269553232       10.86      0.999225787523     -0.499612880243  -3.65903044781e-06
       490.769553232       10.86      0.999225774382     -0.499612880285  -4.71202247665e-06
       498.269553232       10.86      0.999225769626     -0.499612880319  -1.53722208881e-06
       505.769553232       10.86      0.999225789941     -0.499612880336   2.72731408318e-06
       509.704544428       11.39      0.999225777975     -0.499612880339  -3.87443856358e-06
       512.804544428       11.39      0.999225760958     -0.499612880339   4.96955500921e-06
       517.804544428       11.39      0.999225787412     -0.499612880338   -4.4804091891e-06
       522.804544428       11.39      0.999225773776     -0.499612880337   2.21897567633e-06
       527.804544428       11.39       0.99922576907     -0.499612880335   1.78307110243e-07
       532.804544428        11.6      0.999225790156     -0.499612880332  -1.50814630652e-06
       537.804544428        11.6      0.999225760996     -0.499612880329   1.92345108224e-06
       542.804544428        11.6      0.999225786564     -0.499612880325   -2.1265838776e-06
       547.804544428        11.6      0.999225774699      -0.49961288032   2.27151446104e-06
       552.804544428        11.6      0.999225768093     -0.499612880315  -1.94711335817e-06
       557.804544428        11.6      0.999225790497      -0.49961288031   9.52724614298e-07
       562.804544428        11.6      0.999225761158     -0.499612880306   3.01636001977e-07
       564.864535623       11.95      0.999225765005     -0.499612880304   1.97820565954e-06
       567.764535623       11.95      0.999225785469     -0.499612880301   -1.1544568798e-06
       572.764535623       11.95      0.999225775967     -0.499612880297        1.452133e-06
       577.764535623       11.95      0.999225766914     -0.499612880292  -1.29317522079e-06
       582.764535623       11.95      0.999225790874     -0.499612880287   9.34189771718e-07
       587.764535623       11.95      0.999225761491     -0.499612880282  -4.86473228551e-07
       592.764535623       11.95      0.999225784568     -0.499612880277   -5.9801994699e-09
       597.764535623       11.95      0.999225776933     -0.499612880272   4.18167550135e-07
       602.764535623       11.95      0.999225766048     -0.499612880267  -5.98960201088e-07
       607.764535623       11.95      0.999225791083     -0.499612880262   5.34978668897e-07
       612.764535623       11.95      0.999225761815     -0.499612880257  -3.71012501976e-07
       617.764535623       11.95      0.999225783636     -0.499612880252   2.48168783509e-07
       620.024526819       12.52      0.999225791416     -0.499612880249   -2.0874931985e-07
       622.724526819       12.52      0.999225778207     -0.499612880246  -1.78377566159e-07
       627.724526819       12.52      0.999225765008     -0.499612880241   6.81644650151e-08
       632.724526819       12.52      0.999225791275     -0.499612880236   1.02788447103e-07
       637.724526819       12.52      0.999225762348     -0.499612880231   -2.6065546903e-07
       642.724526819       12.52      0.999225782392     -0.499612880225   3.17985056679e-07
       647.724526819       12.52      0.999225779164      -0.49961288022  -2.65724059985e-07
       652.724526819       12.52      0.999225764253     -0.499612880215   1.64297948367e-07
       657.724526819       12.52      0.999225791334      -0.49961288021  -6.89518164501e-08
       662.724526819       12.52      0.999225762815     -0.499612880204  -1.09604674666e-08
       667.724526819       12.52      0.999225781391     -0.499612880199   8.59860459349e-08
       672.724526819       12.52      0.999225780107     -0.499612880194  -1.48004950463e-07
       675.184518014       13.08      0.999225763248     -0.499612880191  -6.61154443357e-08
       677.684518014       13.08      0.999225763365     -0.499612880189   1.71167994006e-07
       682.684518014       13.08      0.999225791325     -0.499612880183  -1.46700226961e-07
       687.684518014       13.08      0.999225763526     -0.499612880178   8.66517579164e-08
       692.684518014       13.08       0.99922578007     -0.499612880173  -1.90440511335e-08
       697.684518014       13.08      0.999225781323     -0.499612880167  -3.69756558865e-08
       702.684518014       13.08      0.999225762733     -0.499612880162   7.48916785846e-08
       707.684518014       13.08      0.999225791228     -0.499612880157  -9.13122908165e-08
       712.684518014       13.08      0.999225764123     -0.499612880152   8.26574292156e-08
       717.684518014       13.08       0.99922577902     -0.499612880146  -5.23231181931e-08
       722.684518014       13.08      0.999225782217     -0.499612880141   1.44319757359e-08
       727.684518014        13.6      0.999225762159     -0.499612880136   1.47192010701e-08
       730.344509209       13.64      0.999225779698     -0.499612880133   3.89404574988e-08
       732.644509209       13.64      0.999225791016      -0.49961288013  -2.75931705422e-08
       737.644509209       13.64      0.999225764992     -0.499612880125   3.09510412116e-08
       742.644509209       13.64       0.99922577765      -0.49961288012  -3.01957240824e-08
       747.644509209       13.64      0.999225783354     -0.499612880115   2.71805202479e-08
       752.644509209       13.64      0.999225761518     -0.499612880109  -1.97760960899e-08
       757.644509209       13.64      0.999225790763     -0.499612880104   7.70710738101e-09
       762.644509209       13.64      0.999225765702     -0.499612880099   5.17068514865e-09
       767.644509209       13.64      0.999225776574     -0.499612880093  -1.41554610805e-08
       772.644509209       13.64      0.999225784177     -0.499612880088   1.75620349882e-08
       777.644509209       13.64      0.999225761084     -0.499612880083  -1.67545519564e-08
       782.644509209       13.64      0.999225790444     -0.499612880077   1.34992266449e-08
       785.504500405        14.2      0.999225782168     -0.499612880074  -1.14040048288e-08
       787.604500405        14.2      0.999225766707     -0.499612880072   -8.7793358773e-09
       792.604500405        14.2      0.999225775185     -0.499612880067   2.42768201151e-09
       797.604500405        14.2      0.999225785207     -0.499612880062   4.08741789769e-09
       802.604500405        14.2      0.999225760633     -0.499612880056  -8.91251538411e-09
       807.604500405        14.2      0.999225789948     -0.499612880051   1.09158564415e-08
       812.604500405        14.2      0.999225767513     -0.499612880046   -1.0225947121e-08
       817.604500405        14.2      0.999225774106      -0.49961288004   7.60516404261e-09
       822.604500405        14.2      0.999225785938     -0.499612880035  -3.77387379286e-09
       827.604500405        14.2      0.999225760349      -0.49961288003  -5.23035485598e-10
       832.604500405        14.2      0.999225789481     -0.499612880025    4.2215488573e-09
       837.604500405        14.2      0.999225768354     -0.499612880019  -6.21802880678e-09
         840.6644916       14.77      0.999225761509     -0.499612880016   8.49702402417e-10
         842.5644916       14.77       0.99922577273     -0.499612880014   6.08629332314e-09
         847.5644916       14.77      0.999225786837     -0.499612880009  -4.44482195692e-09
         852.5644916       14.77      0.999225760096     -0.499612880003   2.22658773551e-09
         857.5644916       14.77      0.999225788797     -0.499612879998  -2.32563700255e-10
         862.5644916       14.77      0.999225769512     -0.499612879993  -1.26216733333e-09
         867.5644916       14.77      0.999225771673     -0.499612879988   2.26077615714e-09
         872.5644916       14.77      0.999225787458     -0.499612879982  -2.72955478258e-09
         877.5644916       14.77      0.999225759967     -0.499612879977   2.58798134705e-09
         882.5644916       14.77      0.999225788192     -0.499612879972  -1.89314784271e-09
         887.5644916       14.77       0.99922577042     -0.499612879966   9.01036141532e-10
         892.5644916       14.77      0.999225770633     -0.499612879961   7.60361487557e-11
       895.824482796       15.36      0.999225790378     -0.499612879958   8.15381381338e-10
       897.524482796       15.36      0.999225788202     -0.499612879956  -7.99576275334e-10
       902.524482796       15.36      0.999225759917     -0.499612879951   1.27082626361e-09
       907.524482796       15.36      0.999225787337     -0.499612879945  -1.42515307007e-09
       912.524482796       15.36       0.99922577165      -0.49961287994   1.25760389466e-09
       917.524482796        15.6      0.999225769327     -0.499612879935  -8.21244563702e-10
       922.524482796        15.6      0.999225788697     -0.499612879929   2.48853098441e-10
       927.524482796        15.6      0.999225759945     -0.499612879924   2.95681669181e-10
       932.524482796        15.6      0.999225786606     -0.499612879919   -6.8983290101e-10
       937.524482796        15.6      0.999225772602     -0.499612879914   8.77328584664e-10
       942.524482796        15.6      0.999225768342     -0.499612879908  -8.45313375818e-10
       947.524482796        15.6      0.999225789134     -0.499612879903   6.10290780515e-10
       950.984473991       15.97      0.999225766253     -0.499612879899  -2.80866079579e-10
       952.484473991       15.97      0.999225760099     -0.499612879898  -2.39411591552e-10
       957.484473991       15.97      0.999225785597     -0.499612879892  -1.64802651812e-10
       962.484473991       15.97      0.999225773874     -0.499612879887   4.73282819155e-10
       967.484473991       15.97      0.999225767122     -0.499612879882  -5.97007456387e-10
       972.484473991       15.97      0.999225789626     -0.499612879877   5.26475451878e-10
       977.484473991       15.97      0.999225760282     -0.499612879871  -3.19616058046e-10
       982.484473991       15.97      0.999225784757     -0.499612879866   6.12837175388e-11
       987.484473991       15.97      0.999225774847     -0.499612879861   1.71525872704e-10
       992.484473991       15.97      0.999225766213     -0.499612879855  -3.23623800231e-10
       997.484473991       15.97      0.999225789919      -0.49961287985   3.65138103363e-10
       1002.48447399       15.97       0.99922576053     -0.499612879845   -2.9707886526e-10
       1006.14446519       16.55       0.99922577405     -0.499612879841   -1.3772095304e-10
       1007.44446519       16.55      0.999225783618      -0.49961287984   1.44593773428e-10
       1012.44446519       16.55       0.99922577613     -0.499612879834   2.06142638373e-11
       1017.44446519       16.55      0.999225765105     -0.499612879829  -1.54224067779e-10
       1022.44446519       16.55      0.999225790219     -0.499612879824   2.20357593177e-10
       1027.44446519       16.55      0.999225760966     -0.499612879818  -2.09298448611e-10
       1032.44446519       16.55      0.999225782686     -0.499612879813   1.34313355699e-10
       1037.44446519       16.55        0.9992257771     -0.499612879808  -2.58490428385e-11
       1042.44446519       16.55      0.999225764293     -0.499612879802  -7.77310795559e-11
       1047.44446519       16.55      0.999225790361     -0.499612879797   1.41612976496e-10
       1052.44446519       16.55      0.999225761361     -0.499612879792  -1.46268996363e-10
       1057.44446519       16.55      0.999225781721     -0.499612879787   9.46322956923e-11
       1061.30445638       17.12      0.999225785779     -0.499612879783   1.42516146037e-10
       1062.40445638       17.12      0.999225778363     -0.499612879781  -3.02425929302e-12
       1067.40445638       17.12      0.999225763323     -0.499612879776  -8.42940649649e-11
       1072.40445638       17.12      0.999225790461     -0.499612879771   1.43110128178e-10
       1077.40445638       17.12       0.99922576198     -0.499612879765  -1.54319819713e-10
       1082.40445638       17.12      0.999225780439      -0.49961287976   1.14415567836e-10
       1087.40445638       17.12      0.999225779306     -0.499612879755  -3.49897339399e-11
       1092.40445638       17.12      0.999225762624      -0.49961287975  -5.94019456374e-11
       1097.40445638       17.12      0.999225790448     -0.499612879744    1.3890020822e-10
       1102.40445638       17.12       0.99922576251     -0.499612879739  -1.77670025937e-10
       1107.40445638       17.59      0.999225779413     -0.499612879734   1.62608527585e-10
       1112.40445638       17.59      0.999225780229     -0.499612879728  -9.79653458067e-11
       1116.46444758       17.72      0.999225759542     -0.499612879724  -9.89865015481e-11
       1117.36444758       17.72      0.999225761813     -0.499612879723   -1.5188669563e-12
       1122.36444758       17.72      0.999225790344     -0.499612879718   9.74067215235e-11
       1127.36444758       17.72      0.999225763297     -0.499612879713  -1.65097985113e-10
       1132.36444758       17.72      0.999225778064     -0.499612879707   1.84455882464e-10
       1137.36444758       17.72      0.999225781412     -0.499612879702  -1.50704024715e-10
       1142.36444758       17.72      0.999225761243     -0.499612879697   7.46104798071e-11
       1147.36444758       17.72      0.999225790174     -0.499612879691   2.01123960298e-11
       1152.36444758       17.72      0.999225763949     -0.499612879686  -1.05169746856e-10
       1157.36444758       17.72         0.999225777     -0.499612879681   1.56052370419e-10
       1162.36444758       17.72      0.999225782275     -0.499612879676   -1.5947585481e-10
       1167.36444758       17.72      0.999225760734      -0.49961287967   1.17028192479e-10
       1171.62443877       18.29      0.999225787724     -0.499612879666   1.09142842687e-11
       1172.32443877       18.29      0.999225789867     -0.499612879665  -4.07870260254e-11
       1177.32443877       18.29      0.999225764885      -0.49961287966  -3.95837352419e-11
       1182.32443877       18.29      0.999225775616     -0.499612879654   1.01718154373e-10
       1187.32443877       18.29      0.999225783365     -0.499612879649   -1.2761415226e-10
       1192.32443877       18.29       0.99922576018     -0.499612879644   1.12179291157e-10
       1197.32443877       18.29      0.999225789543     -0.499612879639  -6.30858283856e-11
       1202.32443877       18.29      0.999225765642     -0.499612879633   -1.2693963967e-12
       1207.32443877       18.29      0.999225774536     -0.499612879628   5.90956400618e-11
       1212.32443877       18.29      0.999225784148     -0.499612879623  -9.18149328617e-11
       1217.32443877       18.29      0.999225759815     -0.499612879617   9.02920922624e-11
       1222.32443877       18.29      0.999225789153     -0.499612879612  -5.73362929332e-11
       1226.78442997       18.87      0.999225770233     -0.499612879607  -1.60861581483e-11
       1227.28442997       18.87      0.999225766703     -0.499612879607   4.36346529465e-12
       1232.28442997       18.87      0.999225773149     -0.499612879602   4.59532781397e-11
       1237.28442997       18.87      0.999225785119     -0.499612879596  -7.74239971533e-11
       1242.28442997       18.87      0.999225759456     -0.499612879591   7.91157413969e-11
       1247.28442997       18.87      0.999225788568     -0.499612879586  -5.14583316427e-11
       1252.28442997       18.87      0.999225767547      -0.49961287958   4.61487973976e-12
       1257.28442997       18.87      0.999225772078     -0.499612879575   4.40678219752e-11
       1262.28442997       18.87      0.999225785801      -0.49961287957  -7.71820648985e-11
       1267.28442997       18.87      0.999225759244     -0.499612879564   8.25401254931e-11
       1272.28442997       18.87      0.999225788035     -0.499612879559  -5.79512132145e-11
       1277.28442997       18.87      0.999225768422     -0.499612879554   1.17552672909e-11
       1281.94442116       19.45      0.999225768521     -0.499612879549    5.2838156208e-11
       1282.24442116       19.45      0.999225770717     -0.499612879549   4.16880306636e-11
       1287.24442116       19.45       0.99922578663     -0.499612879543  -8.00479565895e-11
       1292.24442116       19.45      0.999225759086     -0.499612879538   9.15500895161e-11
       1297.24442116       19.59      0.999225787269     -0.499612879533  -7.12145501989e-11
       1302.24442116       19.59      0.999225769618     -0.499612879527   2.56445495763e-11
       1307.24442116       19.59      0.999225769679     -0.499612879522   3.03930076134e-11
       1312.24442116       19.59      0.999225787194     -0.499612879517   -7.7707036743e-11
       1317.24442116       19.59       0.99922575903     -0.499612879512   1.00303405912e-10
       1322.24442116       19.59      0.999225786603     -0.499612879506  -8.99180848046e-11
       1327.24442116       19.59      0.999225770549     -0.499612879501    4.9591120956e-11
       1332.24442116       19.59      0.999225768661     -0.499612879496   7.70555399419e-12
       1337.10441236       20.04       0.99922578823     -0.499612879491  -6.91032838196e-11
       1337.20441236       20.04       0.99922578786      -0.49961287949  -6.49590984266e-11
       1342.20441236       20.04      0.999225759076     -0.499612879485   9.93421519351e-11
       1347.20441236       20.04      0.999225785673      -0.49961287948  -1.01943644408e-10
       1352.20441236       20.04      0.999225771802     -0.499612879475   7.16790368309e-11
       1357.20441236       20.04      0.999225767393     -0.499612879469  -1.89112691162e-11
       1362.20441236       20.04      0.999225788291     -0.499612879464  -3.93312187895e-11
       1367.20441236       20.04      0.999225759177     -0.499612879459   8.38149018549e-11
       1372.20441236       20.04      0.999225784889     -0.499612879453   -1.0068541473e-10
       1377.20441236       20.04      0.999225772767     -0.499612879448   8.49273973633e-11
       1382.20441236       20.04       0.99922576644     -0.499612879443  -4.26943241022e-11
       1387.20441236       20.04      0.999225788662     -0.499612879437  -1.15778733994e-11
       1392.20441236       20.04      0.999225759345     -0.499612879432   5.98527467047e-11
       1392.26440355       20.71      0.999225759237     -0.499612879432   5.75988037997e-11
       1397.16440355       20.71      0.999225783816     -0.499612879427  -8.71258705051e-11
       1402.16440355       20.71      0.999225774048     -0.499612879422    8.3674086403e-11
       1407.16440355       20.71       0.99922576527     -0.499612879416  -5.31793346461e-11
       1412.16440355       20.71      0.999225789065     -0.499612879411   7.29533456365e-12
       1417.16440355       20.71      0.999225759678     -0.499612879406    3.8351977115e-11
       1422.16440355       20.71      0.999225782931       -0.4996128794  -6.83476403813e-11
       1427.16440355       20.71      0.999225775022     -0.499612879395   7.38875313995e-11
       1432.16440355       20.71      0.999225764404      -0.49961287939  -5.43461634806e-11
       1437.16440355       20.71      0.999225789289     -0.499612879385   1.80493829203e-11
       1442.16440355       20.71      0.999225759996     -0.499612879379   2.17568195029e-11
       1447.16440355       20.71      0.999225782008     -0.499612879374  -5.12259289399e-11
       1447.42439475       21.38      0.999225783676     -0.499612879374  -4.56827099439e-11
       1452.12439475       21.38      0.999225776301     -0.499612879369   6.09552727131e-11
       1457.12439475       21.38      0.999225763358     -0.499612879363  -4.83311979643e-11
       1462.12439475       21.38      0.999225789496     -0.499612879358   1.97985391568e-11
       1467.12439475       21.58       0.99922576052     -0.499612879353   1.32371132889e-11
       1472.12439475       21.58      0.999225780771     -0.499612879348   -3.9094272732e-11
       1477.12439475       21.58       0.99922577726     -0.499612879342   4.87941324732e-11
       1482.12439475       21.58      0.999225762596     -0.499612879337  -4.03393615488e-11
       1487.12439475       21.58      0.999225789565     -0.499612879332   1.78728424946e-11
       1492.12439475       21.58      0.999225760979     -0.499612879326   9.13212107813e-12
       1497.12439475       21.58      0.999225779775     -0.499612879321  -3.05139200635e-11
       1502.12439475       21.58      0.999225778206     -0.499612879316   3.85820884327e-11
       1502.58438595       22.06      0.999225774694     -0.499612879315   3.67136283061e-11
       1507.08438595       22.06      0.999225761698     -0.499612879311   -3.0832009713e-11
       1512.08438595       22.06       0.99922578957     -0.499612879305   1.17330277234e-11
       1517.08438595       22.06      0.999225761679       -0.4996128793   1.06878873815e-11
       1522.08438595       22.06      0.999225778458     -0.499612879295  -2.71206891769e-11
       1527.08438595       22.06      0.999225779426     -0.499612879289   3.15619631316e-11
       1532.08438595       22.06      0.999225761058     -0.499612879284  -2.23930144572e-11
       1537.08438595       22.06      0.999225789483     -0.499612879279   4.11193913043e-12
       1542.08438595       22.06      0.999225762268     -0.499612879274    1.5794582168e-11
       1547.08438595       22.06      0.999225777411     -0.499612879268  -2.87308490789e-11
       1552.08438595       22.06      0.999225780324     -0.499612879263   2.94354194988e-11
       1557.08438595       22.06      0.999225760476     -0.499612879258  -1.72754674791e-11
       1557.74437714       22.74      0.999225763647     -0.499612879257  -2.50517059002e-11
       1562.04437714       22.74      0.999225789284     -0.499612879252  -3.57735568663e-12
       1567.04437714       22.74      0.999225763128     -0.499612879247   2.34688061246e-11
       1572.04437714       22.74      0.999225776043     -0.499612879242   -3.4844231575e-11
       1577.04437714       22.74      0.999225781467     -0.499612879237   3.23820002238e-11
       1582.04437714       22.74      0.999225759823     -0.499612879231  -1.66310729284e-11
       1587.04437714       22.74      0.999225789041     -0.499612879226  -7.14612486025e-12
       1592.04437714       22.74      0.999225763831     -0.499612879221   2.96592136579e-11
       1597.04437714       22.74      0.999225774968     -0.499612879215  -4.23357435317e-11
       1602.04437714       22.74      0.999225782295      -0.49961287921   3.94259220553e-11
       1607.04437714       22.74       0.99922575938     -0.499612879205   -2.1440919448e-11
       1612.04437714       22.74      0.999225788731     -0.499612879199  -5.78257752978e-12
       1612.90436834        23.4      0.999225789195     -0.499612879199   1.45553923769e-11
       1617.00436834        23.4      0.999225764829     -0.499612879194   3.30987099213e-11
       1622.00436834        23.4      0.999225773579     -0.499612879189  -4.86308763304e-11
       1627.00436834        23.4      0.999225783333     -0.499612879184    4.7241752331e-11
       1632.00436834       23.58      0.999225758916     -0.499612879178  -2.85474724282e-11
       1637.00436834       23.58      0.999225788247     -0.499612879173  -1.03392983274e-12
       1642.00436834       23.58      0.999225765629     -0.499612879168   3.14677732946e-11
       1647.00436834       23.58        0.9992257725     -0.499612879162   -5.1510326751e-11
       1652.00436834       23.58       0.99922578407     -0.499612879157   5.40204735643e-11
       1657.00436834       23.58      0.999225758622     -0.499612879152  -3.73746518814e-11
       1662.00436834       23.58      0.999225787789     -0.499612879147   7.35987013964e-12
       1667.00436834       23.58      0.999225766466     -0.499612879141   2.58539432923e-11
       1668.06435953       24.06      0.999225760563      -0.49961287914  -4.10822579685e-12
       1671.96435953       24.06      0.999225771121     -0.499612879136  -5.09870510127e-11
       1676.96435953       24.06      0.999225784978     -0.499612879131    5.7514932471e-11
       1681.96435953       24.06      0.999225758356     -0.499612879125  -4.40856189172e-11
       1686.96435953       24.06      0.999225787117      -0.49961287912   1.51151146829e-11
       1691.96435953       24.06      0.999225767618     -0.499612879115   1.90733952556e-11
       1696.96435953       24.06      0.999225770062      -0.49961287911  -4.67691847681e-11
       1701.96435953       24.06      0.999225785606     -0.499612879104   5.79564976116e-11
       1706.96435953       24.06      0.999225758218     -0.499612879099  -4.90572459707e-11
       1711.96435953       24.06       0.99922578652     -0.499612879094   2.29466891235e-11
       1716.96435953       24.06      0.999225768522     -0.499612879088   1.08432043059e-11
       1721.96435953       24.06       0.99922576902     -0.499612879083  -4.06643896642e-11
       1723.22435073       24.72      0.999225778608     -0.499612879082  -8.57456881754e-12
       1726.92435073       24.72      0.999225786361     -0.499612879078   5.60968904145e-11
       1731.92435073       24.72      0.999225758155     -0.499612879073  -5.09375555903e-11
       1736.92435073       24.72      0.999225785675     -0.499612879067   2.80397550665e-11
       1741.92435073       24.72      0.999225769748     -0.499612879062   4.47506711854e-12
       1746.92435073       24.72       0.99922576771     -0.499612879057  -3.48765412635e-11
       1751.92435073       24.72      0.999225786865     -0.499612879051   5.27390384883e-11
       1756.92435073       24.72      0.999225758173     -0.499612879046  -5.16607676396e-11
       1761.92435073       24.72      0.999225784952     -0.499612879041   3.25909451516e-11
       1766.92435073       24.72      0.999225770698     -0.499612879035  -2.18724855735e-12
       1771.92435073       24.72       0.99922576672      -0.49961287903  -2.83713753105e-11
       1776.92435073       24.72       0.99922578731     -0.499612879025   4.85974101444e-11
       1778.38434192       25.38      0.999225779093     -0.499612879023   2.18393058193e-11
       1781.88434192       25.38      0.999225758314      -0.49961287902  -5.10953767692e-11
       1786.88434192       25.38      0.999225783953     -0.499612879014   3.52078600714e-11
       1791.88434192       25.38      0.999225771968     -0.499612879009   -7.2274270814e-12
       1796.88434192       25.58      0.999225765494     -0.499612879004  -2.28684075169e-11
       1801.88434192       25.58      0.999225787814     -0.499612878998   4.43163917073e-11
       1806.88434192       25.58      0.999225758487     -0.499612878993  -4.99470536807e-11
       1811.88434192       25.58      0.999225783119     -0.499612878988    3.7827742766e-11
       1816.88434192       25.58       0.99922577294     -0.499612878983  -1.28527720169e-11
       1821.88434192       25.58      0.999225764579     -0.499612878977  -1.62712503802e-11
       1826.88434192       25.58      0.999225788117     -0.499612878972   3.89458170482e-11
       1831.88434192       25.58      0.999225758726     -0.499612878967   -4.7674443443e-11
       1833.54433312       26.04      0.999225759889     -0.499612878965  -3.06735998358e-11
       1836.84433312       26.04      0.999225781987     -0.499612878961   3.89539469245e-11
       1841.84433312       26.04      0.999225774224     -0.499612878956  -1.69123798697e-11
       1846.84433312       26.04      0.999225763464     -0.499612878951  -1.04704082448e-11
       1851.84433312       26.04      0.999225788429     -0.499612878946   3.35421913436e-11
       1856.84433312       26.04       0.99922575915      -0.49961287894  -4.42867950067e-11
       1861.84433312       26.04      0.999225781061     -0.499612878935   3.94826315265e-11
       1866.84433312       26.04      0.999225775194      -0.49961287893  -2.10270187548e-11
       1871.84433312       26.04      0.999225762645     -0.499612878924   -3.9902604188e-12
       1876.84433312       26.04      0.999225788581     -0.499612878919    2.6988597145e-11
       1881.84433312       26.04      0.999225759535     -0.499612878914  -3.97596024573e-11
       1886.84433312       26.04      0.999225780101     -0.499612878909   3.85413643558e-11
       1888.70432431       26.71      0.999225788506     -0.499612878907   3.27869836385e-11
       1891.80432431       26.71       0.99922577646     -0.499612878903  -2.33355064257e-11
       1896.80432431       26.71      0.999225761665     -0.499612878898   1.00856908214e-12
       1901.80432431       26.71      0.999225788694     -0.499612878893   2.08234219782e-11
       1906.80432431       26.71      0.999225760143     -0.499612878887  -3.46400938824e-11
       1911.80432431       26.71      0.999225778823     -0.499612878882   3.59643609293e-11
       1916.80432431       26.71      0.999225777405     -0.499612878877  -2.50070418698e-11
       1921.80432431       26.71      0.999225760959     -0.499612878872   5.89446566019e-12
       1926.80432431       26.71       0.99922578869     -0.499612878866   1.41920880307e-11
       1931.80432431       26.71      0.999225760665     -0.499612878861  -2.85986782074e-11
       1936.80432431       26.71        0.9992257778     -0.499612878856   3.23728683878e-11
       1941.80432431       26.71      0.999225778332      -0.49961287885  -2.50855620399e-11
       1943.86431551       27.38      0.999225763314     -0.499612878848  -2.88446361048e-11
       1946.76431551       27.38      0.999225760137     -0.499612878845   8.95202407563e-12
       1951.76431551       27.38      0.999225788599      -0.49961287884   8.83500441154e-12
       1956.76431551       27.38      0.999225761442     -0.499612878835  -2.26147483804e-11
       1961.76431551       27.57      0.999225776455     -0.499612878829   2.78638294273e-11
       1966.76431551       27.57      0.999225779519     -0.499612878824  -2.33186533072e-11
       1971.76431551       27.57      0.999225759559     -0.499612878819    1.1247577936e-11
       1976.76431551       27.57      0.999225788439     -0.499612878813   3.87814038177e-12
       1981.76431551       27.57      0.999225762087     -0.499612878808  -1.64863954756e-11
       1986.76431551       27.57      0.999225775392     -0.499612878803   2.27236090771e-11
       1991.76431551       27.57      0.999225780387     -0.499612878797  -2.06611322252e-11
       1996.76431551       27.57       0.99922575904     -0.499612878792   1.19514310143e-11
        1999.0243067       28.05      0.999225773004      -0.49961287879   2.06652775239e-11
        2001.7243067       28.05      0.999225788145     -0.499612878787   6.09057835643e-13
        2006.7243067       28.05      0.999225763014     -0.499612878782  -1.14370775825e-11
        2011.7243067       28.05       0.99922577401     -0.499612878776   1.75030459815e-11
        2016.7243067       28.05      0.999225781484     -0.499612878771  -1.70674307476e-11
        2021.7243067       28.05      0.999225758474     -0.499612878766   1.09249446133e-11
        2026.7243067       28.05      0.999225787831      -0.49961287876   -1.7610543864e-12
        2031.7243067       28.05      0.999225763765     -0.499612878755  -7.09935874914e-12
        2036.7243067       28.05      0.999225772931      -0.49961287875   1.24942229919e-11
        2041.7243067       28.05      0.999225782272     -0.499612878745  -1.31796451233e-11
        2046.7243067       28.05      0.999225758101     -0.499612878739   9.19278435156e-12
        2051.7243067       28.05      0.999225787451     -0.499612878734  -2.73813205371e-12
        2054.1842979       28.72       0.99922578289     -0.499612878731  -1.11153409926e-11
        2056.6842979       28.72      0.999225764819     -0.499612878729  -4.15613527329e-12
        2061.6842979       28.72      0.999225771543     -0.499612878723   8.39921069553e-12
        2066.6842979       28.72      0.999225783252     -0.499612878718    -9.277446202e-12
        2071.6842979       28.72      0.999225757728     -0.499612878713    6.8107543234e-12
        2076.6842979       28.72      0.999225786877     -0.499612878708  -2.41783878733e-12
        2081.6842979       28.72      0.999225765658     -0.499612878702  -2.08048935099e-12
        2086.6842979       28.72       0.99922577047     -0.499612878697   5.14674629164e-12
        2091.6842979       28.72      0.999225783941     -0.499612878692  -5.80618364616e-12
        2096.6842979       28.72      0.999225757507     -0.499612878686   4.42532502071e-12
        2101.6842979       28.72      0.999225786353     -0.499612878681  -1.64859459116e-12
        2106.6842979       28.72      0.999225766529     -0.499612878676  -9.81201589986e-13
        2109.3442891       29.39      0.999225757592     -0.499612878673   3.35223804583e-12
        2111.6442891       29.39      0.999225769107     -0.499612878671   2.83711919386e-12
        2116.6442891       29.39      0.999225784779     -0.499612878665  -3.02540734794e-12
        2121.6442891       29.39      0.999225757336      -0.49961287866   2.13318566566e-12
        2126.6442891       29.57      0.999225785598     -0.499612878655  -6.21348232081e-13
        2131.6442891       29.57      0.999225767719     -0.499612878649  -6.11456905967e-13
        2136.6442891       29.57      0.999225768066     -0.499612878644   1.13644650906e-12
        2141.6442891       29.57      0.999225785351     -0.499612878639  -9.20856540985e-13
        2146.6442891       29.57       0.99922575727     -0.499612878634    2.0905112314e-13
        2151.6442891       29.57       0.99922578494     -0.499612878628    3.1100863379e-13
        2156.6442891       29.57      0.999225768648     -0.499612878623  -4.85875224495e-13
        2161.6442891       29.57      0.999225767045     -0.499612878618  -5.05652098832e-14
       2164.50428029       30.04      0.999225786175     -0.499612878615   8.10467405284e-13
       2166.60428029       30.04      0.999225786028     -0.499612878612   7.06192986426e-13
       2171.60428029       30.04      0.999225757303     -0.499612878607  -1.29914366476e-12
       2176.60428029       30.04       0.99922578402     -0.499612878602   1.13578909405e-12
       2181.60428029       30.04      0.999225769898     -0.499612878597  -3.62161038323e-13
       2186.60428029       30.04      0.999225765771     -0.499612878591  -9.27217348527e-13
       2191.60428029       30.04      0.999225786468     -0.499612878586   2.05086721618e-12
       2196.60428029       30.04      0.999225757394     -0.499612878581  -2.44688538873e-12
       2201.60428029       30.04      0.999225783243     -0.499612878575   1.83283338214e-12
       2206.39964782       30.55      0.999225772442      -0.49961287857   9.21694204988e-14
