# 
# 
# kRn: sum[Orbital&Phi,Phi,Eta,specRn] density
0.0046956997, 2.1113201e-10
0.0093913993, 8.411779e-10
0.014087099, 1.8797019e-09
0.018782799, 3.3076606e-09
0.023478498, 5.0950802e-09
0.028174198, 7.1980455e-09
0.032869898, 9.5553334e-09
0.037565597, 1.2085188e-08
0.042261297, 1.4682937e-08
0.046956997, 1.7220324e-08
0.051652696, 1.9547556e-08
0.056348396, 2.1498957e-08
0.061044095, 2.2902876e-08
0.065739795, 2.3596089e-08
0.070435495, 2.3442547e-08
0.075131194, 2.2355964e-08
0.079826894, 2.0325025e-08
0.084522594, 1.7438248e-08
0.089218293, 1.3902633e-08
0.093913993, 1.0047639e-08
0.098609693, 6.3066245e-09
0.10330539, 3.1732438e-09
0.10800109, 1.1372446e-09
0.11269679, 6.0741161e-10
0.11739249, 1.8292823e-09
0.12208819, 4.8092664e-09
0.12678389, 9.2669888e-09
0.13147959, 1.4640727e-08
0.13617529, 2.0156068e-08
0.14087099, 2.4948748e-08
0.14556669, 2.8223717e-08
0.15026239, 2.9420815e-08
0.15495809, 2.8340281e-08
0.15965379, 2.5190314e-08
0.16434949, 2.0547654e-08
0.16904519, 1.5229184e-08
0.17374089, 1.0091672e-08
0.17843659, 5.831509e-09
0.18313229, 2.8524015e-09
0.18782799, 1.2137388e-09
0.19252369, 6.7253008e-10
0.19721939, 8.1442191e-10
0.20191509, 1.2065683e-09
0.20661078, 1.5184371e-09
0.21130648, 1.5870412e-09
0.21600218, 1.407949e-09
0.22069788, 1.0751635e-09
0.22539358, 7.0954231e-10
0.23008928, 4.0258644e-10
0.23478498, 1.9339184e-10
0.23948068, 7.6333532e-11
0.24417638, 2.339384e-11
0.24887208, 4.8920938e-12
0.25356778, 4.4010786e-13
0.25826348, 1.4951561e-14
0.26295918, 1.7957945e-13
0.26765488, 2.5352481e-13
0.27235058, 2.4090795e-13
0.27704628, 1.8116751e-13
0.28174198, 9.2423941e-14
0.28643768, 2.5087834e-14
0.29113338, 5.9656355e-14
0.29582908, 1.9501715e-13
0.30052478, 2.903393e-13
0.30522048, 2.2388373e-13
0.30991618, 9.5335413e-14
0.31461188, 1.2696561e-13
0.31930758, 3.8270232e-13
0.32400328, 8.0454958e-13
0.32869898, 1.6373125e-12
0.33339468, 3.5818223e-12
0.33809038, 7.2982812e-12
0.34278607, 1.2814747e-11
0.34748177, 1.9484835e-11
0.35217747, 2.6193971e-11
0.35687317, 3.1359964e-11
0.36156887, 3.3241085e-11
0.36626457, 3.101914e-11
0.37096027, 2.5685041e-11
0.37565597, 1.9494253e-11
0.38035167, 1.4453134e-11
0.38504737, 1.1329603e-11
0.38974307, 9.7286167e-12
0.39443877, 8.6837063e-12
0.39913447, 7.320867e-12
0.40383017, 5.4253582e-12
0.40852587, 3.4759536e-12
0.41322157, 2.0030058e-12
0.41791727, 1.0478574e-12
0.42261297, 4.2441897e-13
0.42730867, 1.4340861e-13
0.43200437, 1.3385741e-13
0.43670007, 5.8612522e-14
0.44139577, 2.5761121e-13
0.44609147, 2.8478177e-12
0.45078717, 1.2718547e-11
0.45548287, 4.2669508e-11
0.46017857, 1.3083006e-10
0.46487427, 3.7890863e-10
0.46956997, 1.0032217e-09
0.47426566, 2.3417515e-09
0.47896136, 4.7288517e-09
0.48365706, 8.2297995e-09
0.48835276, 1.2396205e-08
0.49304846, 1.6274606e-08
0.49774416, 1.8750032e-08
0.50243986, 1.9050222e-08
0.50713556, 1.7107164e-08
0.51183126, 1.3569626e-08
0.51652696, 9.4812214e-09
0.52122266, 5.8185926e-09
0.52591836, 3.1377017e-09
0.53061406, 1.4963672e-09
0.53530976, 6.3723521e-10
0.54000546, 2.4128116e-10
0.54470116, 7.4393854e-11
0.54939686, 2.1722963e-11
0.55409256, 2.9573435e-11
0.55878826, 1.859158e-11
0.56348396, 3.2880286e-09
0.56817966, 4.6008931e-08
0.57287536, 3.2487317e-07
0.57757106, 1.5330397e-06
0.58226676, 5.348939e-06
0.58696246, 1.4441901e-05
0.59165816, 3.0811686e-05
0.59635386, 5.2349682e-05
0.60104956, 7.0867352e-05
0.60574526, 7.6260905e-05
0.61044095, 6.5135776e-05
0.61513665, 4.4219104e-05
0.61983235, 2.3954798e-05
0.62452805, 1.0387803e-05
0.62922375, 3.5840318e-06
0.63391945, 9.5571194e-07
0.63861515, 1.8342983e-07
0.64331085, 2.2910072e-08
0.64800655, 4.9910904e-08
0.65270225, 3.2503031e-09
0.65739795, 7.8506356e-07
0.66209365, 2.3363318e-07
0.66678935, 3.7762091e-05
0.67148505, 0.0006894569
0.67618075, 0.0042368877
0.68087645, 0.014402399
0.68557215, 0.031544843
0.69026785, 0.047408326
0.69496355, 0.05003135
0.69965925, 0.036954116
0.70435495, 0.018543459
0.70905065, 0.0058961071
0.71374635, 0.0010145274
0.71844205, 5.8430343e-05
0.72313775, 1.4870561e-07
0.72783345, 6.9789091e-07
0.73252915, 1.4639357e-09
0.73722485, 4.5690919e-08
0.74192055, 4.118376e-07
0.74661624, 4.0094638e-06
0.75131194, 1.9360174e-05
0.75600764, 5.7449124e-05
0.76070334, 0.0001163894
0.76539904, 0.00017189475
0.77009474, 0.00019283731
0.77479044, 0.00016762543
0.77948614, 0.00011263907
0.78418184, 5.696435e-05
0.78887754, 2.0496402e-05
0.79357324, 4.7385426e-06
0.79826894, 5.7325955e-07
0.80296464, 3.6513034e-08
0.80766034, 3.5887803e-09
0.81235604, 5.143458e-07
0.81705174, 1.9771806e-08
0.82174744, 0.00010815386
0.82644314, 0.0016044878
0.83113884, 0.008186925
0.83583454, 0.02115867
0.84053024, 0.03134502
0.84522594, 0.027569247
0.84992164, 0.014082896
0.85461734, 0.0038080262
0.85931304, 0.00042216332
0.86400874, 6.1815901e-06
0.86870444, 7.197765e-07
0.87340014, 9.5608354e-09
0.87809584, 2.5514709e-08
0.88279153, 1.8725155e-07
0.88748723, 2.1046003e-06
0.89218293, 1.0092416e-05
0.89687863, 2.6744911e-05
0.90157433, 4.4343865e-05
0.90627003, 4.9308545e-05
0.91096573, 3.7883629e-05
0.91566143, 1.9921929e-05
0.92035713, 6.8022924e-06
0.92505283, 1.3464859e-06
0.92974853, 1.2048429e-07
0.93444423, 2.0556196e-09
0.93913993, 1.0499876e-10
