# Ovr(Rn.Phi.Eta.Rn)
# H0
# Exp0
#      Time            CPU <Ovr(Rn.Phi.Eta.Rn)>                <H0>              <Exp0>
      -22.0639964782           0                   1                -0.5                   1
      -20.6849966983     0.03606                   1     -0.499999991203                   1
      -19.3059969184     0.08085                   1     -0.499999541502                   1
      -17.9269971385      0.1325                   1     -0.499996523481                   1
      -16.5479973586      0.1906                   1     -0.499986303677                   1
      -16.1789346487      0.1906                   1     -0.499987213875                   1
      -15.1689975787      0.2543      0.999999999999     -0.499960811203      0.999999999999
       -12.410998019      0.3935      0.999999999284     -0.499818991563      0.999999999285
      -11.0319982391      0.4683       0.99999998987     -0.499675850012      0.999999989881
      -10.6391754453      0.4683      0.999999980028     -0.499688610854      0.999999980047
       -9.6529984592       0.547      0.999999904618     -0.499467398109      0.999999904702
      -8.27399867932      0.6278       0.99999938454     -0.499184224144       0.99999938501
      -6.89499889943      0.7106      0.999997191409     -0.498823666765      0.999997193183
      -5.51599911954      0.7952      0.999990571431      -0.49839043033      0.999990576194
      -5.28588693831      0.7952       0.99998875971     -0.498421752162      0.999988765169
      -4.13699933966      0.8815      0.999975441062     -0.497899402982      0.999975450893
      -1.37899977989       1.079      0.999899370139     -0.496838406964       0.99989939802
  -5.77315972805e-15       1.175      0.999826175076     -0.496331485835      0.999826216293
      0.167690826187       1.175      0.999815272172     -0.496375570569       0.99981531512
       1.37899977989       1.263      0.999722618727     -0.495884428546      0.999722674952
       2.75799955977        1.35      0.999585230417     -0.495527914647      0.999585303251
       5.51599911954       1.522      0.999204611543     -0.495170272191      0.999204716116
       5.62860809839       1.522      0.999186287487     -0.495212167444      0.999186393171
       6.89499889943       1.607      0.998967359416      -0.49518590405      0.998967476915
       8.27399867932       1.689      0.998706373418     -0.495324238316      0.998706500009
        9.6529984592       1.768      0.998431259365      -0.49556673667      0.998431390047
       11.0319982391       1.849       0.99815196554     -0.495887272207      0.998152096008
        12.410998019       1.944      0.997878876383     -0.496255951426       0.99787900126
       13.7899977989       2.041      0.997622618977     -0.496640956528      0.997622733851
       16.5479973586       2.206      0.997190776409     -0.497352314866      0.997190862321
       16.6102060506       2.206       0.99718254981     -0.497366996317      0.997182634966
       17.9269971385       2.279      0.997025270985     -0.497639801714      0.997025340378
       19.3059969184       2.345      0.996894867357     -0.497869284707      0.996894920536
       20.6849966983       2.404      0.996797983908     -0.498040727824      0.996798022086
       22.7548640939       2.454      0.996705963834        -0.498203396      0.996705984271
       24.8219960379       2.528      0.996661341283     -0.498282146508      0.996661349989
       26.2009958178       2.565      0.996648108861      -0.49830534523      0.996648113057
        29.650884089       2.638      0.996639971404     -0.498319366262       0.99663997165
       31.7169949374       2.713      0.996639688186     -0.498319778538      0.996639688214
       33.0959947173       2.749        0.9966396621     -0.498319811632      0.996639662107
       34.4749944971       2.786      0.996639655001     -0.498319818969      0.996639655004
       36.5390799867       2.823      0.996639651511     -0.498319821357      0.996639651513
       39.9909936167       2.949      0.996639649517     -0.498319822685      0.996639649517
       41.3699933966       2.994      0.996639649361     -0.498319822753      0.996639649361
       42.7489931765       3.039      0.996639649183      -0.49831982287      0.996639649183
        43.431604586       3.039      0.996639649112     -0.498319822911      0.996639649112
        48.264992296       3.192      0.996639648807     -0.498319822996      0.996639648807
       49.6439920759       3.229       0.99663964874     -0.498319823004       0.99663964874
       50.3485799885       3.229      0.996639648703     -0.498319823009      0.996639648703
       51.0229918558       3.266      0.996639648668     -0.498319823014      0.996639648669
