# Ovr(Orbital&Phi.Phi.Eta.Rn.Rn)
# H0
# Exp0
# Exp1
#      Time            CPU <Ovr(Orbital&Phi.Phi.Eta.Rn.Rn)>                <H0>              <Exp0>              <Exp1>
      -454.544553232           0                   1     -0.509869060072  -1.88255849712e-06                   0
      -448.467876917       11.56      0.999999999998     -0.509869060071  -1.88255849712e-06   2.84947298758e-11
      -442.286554606       25.58      0.999999999997      -0.50986906007   -1.8825584972e-06   6.32701334351e-10
      -436.059797317       37.58      0.999999999995     -0.509869060066  -1.88256133978e-06  -3.41698447041e-08
      -429.839837289       51.57      0.999999999994     -0.509869060008  -1.88260512062e-06  -3.69724622714e-08
      -423.573278012       63.55      0.999999999993     -0.509869059908  -1.88268108195e-06  -4.67855237789e-08
      -417.472182226       77.55      0.999999999991     -0.509869059986  -1.88262074824e-06   5.93800795894e-08
      -411.356950393       91.55       0.99999999999     -0.509869059986  -1.88262210755e-06   1.36107175836e-07
      -405.283275401       105.6      0.999999999989     -0.509869058183  -1.88400760545e-06   2.18786124035e-07
      -399.384562037       119.5      0.999999999988     -0.509869050716  -1.88973920885e-06   6.40738807541e-07
      -399.177389926       119.5      0.999999999988     -0.509869050335  -1.89004464541e-06   6.68442862265e-07
      -393.024501571       131.5      0.999999999987     -0.509869034632  -1.90178515176e-06   4.22384371197e-07
      -387.007042886       145.6      0.999999999986     -0.509869019041  -1.91335081026e-06  -1.50891524195e-06
      -380.878042711       157.5      0.999999999984     -0.509869001064    -1.928424598e-06  -1.15944722555e-06
      -374.809962758       171.6      0.999999999983     -0.509868986353  -1.94094892988e-06   2.81641702946e-06
      -368.677897978       185.5      0.999999999982      -0.50986900948  -1.92149515049e-06   2.58256695962e-06
      -362.456966315       197.5       0.99999999998     -0.509869050089  -1.89031545136e-06  -2.07832067719e-06
      -356.338380447       211.6      0.999999999976     -0.509869054114  -1.88806580629e-06  -2.18893829755e-06
      -350.344861564       225.5      0.999999999964     -0.509868988565  -1.93914595962e-06    -1.675620805e-06
      -344.224570841       239.5      0.999999999924     -0.509868764957  -2.11316811211e-06  -8.04986242088e-06
      -338.107487137       253.5      0.999999999812     -0.509868548908  -2.26196995101e-06  -1.40397197855e-06
      -332.036367591       265.5      0.999999999572     -0.509868538858  -2.26594792086e-06   1.97055598886e-05
      -325.830589836       279.6      0.999999999154     -0.509868363751  -2.45508380152e-06   1.11905495884e-05
      -319.652056284       291.5      0.999999998614      -0.50986812284  -2.67479572093e-06  -2.31781030954e-05
      -313.620675058       305.5      0.999999998131     -0.509868463576  -2.36977124979e-06  -1.90234558575e-05
      -307.515164982       319.5      0.999999997812     -0.509868909155  -2.03315657662e-06   1.49713925816e-05
      -301.391546522       333.5      0.999999997358     -0.509868932893  -2.02927401349e-06   1.05946031869e-05
      -295.092098017       345.5      0.999999995361     -0.509868538806  -2.34112951485e-06   4.62152349229e-06
      -289.064579646       357.7      0.999999989435     -0.509867022904  -3.53947815989e-06   3.58923137666e-05
      -288.831551411       357.7      0.999999989084     -0.509866986451  -3.58274969888e-06   3.69226881162e-05
      -282.729648366       371.5      0.999999975643      -0.50986592217  -4.25136865634e-06   1.63820761044e-05
      -276.563566455       383.5      0.999999952974     -0.509866844393  -3.49859128647e-06   -7.5727861629e-05
      -270.458892805       397.5      0.999999923681     -0.509866230031   -4.4444315889e-06   -5.9681659312e-05
      -264.316863392       409.5      0.999999894268     -0.509864228177  -6.32996848438e-06   7.29149165732e-05
      -258.169167998       423.5      0.999999873715     -0.509865472555  -5.14858409102e-06   8.04217989971e-05
      -252.019688787       437.5      0.999999865235     -0.509867533349  -3.57069229399e-06  -2.82864151124e-05
      -245.919129436       449.5      0.999999857131     -0.509867548394  -3.63758482047e-06  -2.98644931909e-05
      -239.847857047       463.5      0.999999818887     -0.509866391214  -4.55057972969e-06  -7.74279168854e-06
       -233.90458845       476.5      0.999999711499     -0.509860684742  -9.08740584084e-06  -9.62957040782e-05
      -233.690199634       476.5      0.999999705845     -0.509860604053  -9.21479309322e-06  -9.85842443979e-05
       -227.60491053       489.5      0.999999485953     -0.509857900039  -1.06024078903e-05  -3.91633410698e-05
       -221.47780479       501.5      0.999999156566     -0.509862605708  -6.95668741543e-06   0.000195814953317
       -215.43047997       513.5      0.999998777437     -0.509859188812  -1.15597557863e-05   0.000124733535855
      -209.232139974       525.5      0.999998429192     -0.509851103628  -1.90312449494e-05   -0.00018136043086
      -203.150052129       539.5      0.999998215245     -0.509854582442   -1.5506977747e-05  -0.000170774341321
      -197.008577943       551.5      0.999998140911     -0.509860365128  -1.12346877047e-05   7.75648836318e-05
      -190.852172726       565.5      0.999998091763     -0.509860254021  -1.15727999165e-05   6.22594924529e-05
      -184.715193135       577.5      0.999997825927      -0.50985781244  -1.34081896815e-05   1.32603806682e-05
      -178.624797303       590.5      0.999997075565     -0.509843110078  -2.50609963319e-05   0.000192031125518
      -172.370817057       601.5      0.999995637458     -0.509836766671    -2.787133203e-05   9.49255242725e-05
      -165.953429076       613.5      0.999993569593     -0.509847660799  -1.87490363408e-05  -0.000308101149877
      -159.597505147       623.5      0.999991363073     -0.509845413434  -2.41979557305e-05  -0.000400638197025
      -153.272857303       635.5      0.999989590832     -0.509829242355  -4.06051864038e-05   7.27697250547e-05
      -146.922963564       645.5      0.999988635826     -0.509826366037  -4.26539222405e-05   0.000360320111164
      -140.714812075       659.5      0.999988396277     -0.509837236212  -3.34934314748e-05   9.24091966915e-05
      -134.576659686       671.5      0.999988157658      -0.50983740794  -3.35912772908e-05  -5.93878049882e-05
       -128.51165918       683.5      0.999986917666     -0.509835973377  -3.39191113548e-05    8.0553444524e-05
      -123.584606059       692.8      0.999984554966     -0.509805967357  -5.72055730303e-05  -0.000297222306113
      -122.119247697       693.5      0.999983574782     -0.509814829904  -5.13733436237e-05  -0.000156453700629
      -115.791575044       703.5      0.999977970084     -0.509771060824   -8.4192408961e-05  -0.000513700594455
      -109.252165642       711.5      0.999970673741     -0.509773593482  -7.56903415324e-05  -0.000232988950831
      -102.787861669       721.5      0.999963752448     -0.509803448182  -5.21518721727e-05   0.000466038439174
      -96.2987451635       729.5       0.99995890654     -0.509799970962  -6.11556983747e-05   0.000600649498437
       -90.075966309       741.5      0.999956898526     -0.509787253689  -7.49640925115e-05  -1.42087239419e-05
      -83.9221932856       753.5      0.999956535046     -0.509791027145  -7.11799938878e-05  -0.000264579451921
      -77.6742091641       767.5      0.999955531293       -0.5097878154   -7.2719096166e-05   2.79331982259e-07
      -71.2967168788       777.5      0.999951076892     -0.509786816811  -6.92820294509e-05   -0.00018001750398
      -68.4246148639       783.3      0.999947411722     -0.509745629815  -0.000102848342542   0.000391004434468
       -64.984934129       787.5      0.999941591597     -0.509785327985  -6.75825551479e-05  -0.000464070354385
      -58.5716747031       795.5      0.999927393367     -0.509743567226  -0.000102138698714   4.01454285975e-05
      -52.2439779546       803.5      0.999911794288     -0.509671235995  -0.000156799709054   0.000797586037177
      -45.8594778133       811.5      0.999898410204     -0.509685272472  -0.000134248229369   0.000506994854287
      -39.4405596829       821.5      0.999890271364     -0.509728538439  -0.000100249414662  -0.000354741785446
      -32.9886243154       831.5      0.999887560555     -0.509727859924  -0.000106667710298  -0.000513122472732
      -26.9680197916       845.5      0.999887150311     -0.509725595576  -0.000109257207429  -9.42062252175e-06
      -20.7384513977       857.5      0.999884282422     -0.509715601406   -0.00011495322587  -7.46176849008e-05
      -14.3800568808       867.5      0.999874538746     -0.509687510066  -0.000129283978598   -0.00023287557967
      -13.2646236685       870.7      0.999871952663     -0.509672547561  -0.000143001658568  -0.000440588439087
      -7.88297115568       877.5      0.999856044091     -0.509700578169  -0.000105145893174   0.000294674353588
      -1.50018094018       885.5      0.999832247167     -0.509708520815  -9.30390055145e-05   0.000832229370708
       4.86119775225       893.5      0.999808673566     -0.509666201305  -0.000127469920717    0.00023797451705
       11.1377938685       901.5      0.999791142231     -0.509611146873  -0.000168493616244  -0.000727920225642
       17.4736304945       911.5      0.999781974082     -0.509632662938  -0.000143270299414  -0.000541765739016
       23.7175137865       921.5      0.999779726361     -0.509658154563  -0.000124494672786   0.000189801754062
       29.8080345178       933.5      0.999779042995       -0.5096574211  -0.000126070757625   0.000164304908349
       36.0282240548       945.4      0.999773724586     -0.509652926697  -0.000126053083023   4.69313020563e-06
        41.895367527         956      0.999760603759     -0.509608428169  -0.000153846709796   0.000429210367459
       42.4171546661         956      0.999759019928      -0.50961058225  -0.000152647758084   0.000420880783428
       48.9357300448       965.4      0.999734528484     -0.509575348355  -0.000162404717726   0.000518421027303
       55.3645855476       973.4      0.999706043846     -0.509614547384  -0.000111496357372  -0.000243020744848
       61.8062603558       981.4       0.99968047731     -0.509631240365  -9.29542051265e-05  -0.000835621405241
       68.2946858012       989.4      0.999663482832     -0.509610121568  -0.000110261005399  -0.000414283756153
       74.6124634605       999.5         0.999656546     -0.509595211171  -0.000121557557847   0.000345508043762
       80.8160361648        1011      0.999655484497     -0.509606523454  -0.000110730387652   0.000287170574953
       86.9110746579        1025       0.99965411986     -0.509606528682  -0.000109928510851  -2.61479115113e-05
       93.2283772932        1037      0.999646651715     -0.509608559237  -0.000102326227374   0.000206569229292
       97.0553587224        1044      0.999637891185     -0.509571339047  -0.000127674613706  -0.000360844767758
       99.7348401442        1047       0.99962992915     -0.509600866086  -9.97300924054e-05    0.00022146544884
       106.260211409        1057      0.999606260876     -0.509562418372  -0.000120452082594  -0.000321856785777
       112.735773781        1065      0.999581827108     -0.509530532562  -0.000129935749075  -0.000671231942567
        119.28630672        1075      0.999562423422     -0.509558696629  -9.24709631489e-05  -0.000251041356696
       125.660286701        1085      0.999551866625     -0.509586074724  -6.79169734972e-05   0.000392354793476
       131.791537355        1097      0.999548584848     -0.509584270137  -7.16401235344e-05   0.000310072079725
       137.986963697        1111      0.999548273896     -0.509583891895  -7.20180677253e-05  -6.66587407462e-05
       144.127334307        1125      0.999546329249     -0.509579688993  -7.37202371862e-05   2.82501983681e-05
        150.48235118        1137      0.999539222857     -0.509573769358  -7.23074214479e-05    3.8615058212e-05
       152.215349918        1142      0.999536258555      -0.50956253794   -8.0900338407e-05   0.000258250829906
       156.734503317        1149      0.999526812872     -0.509583032889  -5.61311716646e-05  -0.000318115158408
       163.109663944        1159      0.999511208303     -0.509579675738  -5.16051791753e-05  -0.000312402282347
       169.464541296        1171      0.999496640616     -0.509560622284  -6.06325874212e-05   0.000187156621662
       175.786778897        1181      0.999486321438     -0.509555721382  -5.68808363136e-05   0.000414234086845
        182.01545812        1193      0.999481224123     -0.509573560396  -3.83405922611e-05   4.64768679601e-05
       188.260051997        1205      0.999479899658     -0.509579099642  -3.46184564958e-05  -0.000201092423093
       194.375653482        1219       0.99947977518     -0.509578772315  -3.51547723792e-05  -4.97129819786e-05
        200.69291321        1231      0.999478320665     -0.509576661049  -3.57586646797e-05  -2.52509459356e-05
       206.940490069        1243      0.999474255425     -0.509569469821  -3.84127777288e-05  -0.000137272293483
       207.375341113        1246      0.999473874915     -0.509569004319    -3.875785804e-05  -0.000152645734196
        212.98181779        1255       0.99946814675     -0.509573454845  -2.98856267544e-05   5.53781886102e-05
       219.185145398        1269      0.999461093828     -0.509578668661   -2.1688451467e-05   0.000250414830264
       225.491838293        1281      0.999454874974     -0.509575118024  -2.18970834215e-05   6.90628757836e-05
       231.569908552        1293      0.999450896019     -0.509571363703  -2.24002490413e-05  -0.000200274607682
        237.96421546        1305      0.999448976514     -0.509576924242  -1.61410904829e-05  -0.000113861573119
       244.002899633        1319      0.999448582404     -0.509580253624  -1.34582778992e-05   6.90229701459e-05
       250.283964002        1333       0.99944853009     -0.509580254141  -1.35542228162e-05   3.47841842168e-05
       256.483622813        1345      0.999447953265     -0.509579552889  -1.36742241227e-05   3.62629351214e-06
       262.535332309        1360      0.999446567391      -0.50957699927  -1.46897241831e-05   7.02075878487e-05
       262.722147957        1360      0.999446512895     -0.509576998265   -1.4678836813e-05   7.05630518473e-05
       268.831672711        1373      0.999444493388     -0.509577074442  -1.27971169091e-05   2.85957552333e-05
       275.051697115        1385      0.999442351215      -0.50957965348  -9.21225818653e-06  -9.32847438854e-05
       281.112351953        1399       0.99944066715      -0.50957989198   -8.2887561778e-06  -6.31171168213e-05
        287.29839688        1411       0.99943960689     -0.509579496523  -7.98977660225e-06   5.41965289899e-05
       293.495607363        1423      0.999439160223     -0.509580760166  -6.53759535807e-06   5.26120131826e-05
       299.549871963        1437      0.999439075648     -0.509581680146  -5.76562103109e-06  -1.56030721757e-05
        305.73501188        1449      0.999439063772     -0.509581707277  -5.76087612696e-06  -1.27589612669e-05
       311.952423475        1463      0.999438935203      -0.50958151308  -5.81239265888e-06   8.19465537191e-07
       317.695323504        1476       0.99943867061     -0.509581020993  -6.00129994431e-06  -2.21693176293e-05
       318.116885524        1476      0.999438646781     -0.509581024557  -5.98955417847e-06  -2.14739772547e-05
       324.417599646        1489      0.999438257344     -0.509580950339  -5.71017768272e-06  -1.76736647401e-05
       330.605375626        1501      0.999437891314     -0.509581429277  -5.04040234674e-06   1.99799934627e-05
       336.737304753        1513      0.999437624194     -0.509581687611  -4.69356589728e-06   2.35048235807e-05
       342.939413423        1527      0.999437473678     -0.509581790383  -4.52763184064e-06  -5.54835608155e-06
       349.219958642        1539       0.99943741707      -0.50958198656  -4.32173907234e-06  -1.25739376017e-05
       355.311945098        1553      0.999437408335     -0.509582103335  -4.22195825198e-06   2.00409877121e-07
       361.512753588        1565      0.999437406461     -0.509582106663  -4.21938939539e-06   2.39414599658e-06
       367.708994188        1579      0.999437392227     -0.509582083165  -4.22595929303e-06  -8.73273573054e-07
         372.8553147        1590      0.999437370296     -0.509582052068   -4.2335429987e-06   3.45400250849e-06
       373.788551894        1591      0.999437365731     -0.509582054119   -4.2291283222e-06   2.54004028914e-06
       379.948240375        1605      0.999437335065     -0.509582057922   -4.2009375177e-06   3.20341713123e-06
       386.126558385        1617      0.999437309432     -0.509582092847  -4.15313403699e-06  -1.57672615659e-06
       392.241516738        1631      0.999437293238     -0.509582119873  -4.12130427095e-06  -2.85251267311e-06
       398.266967699        1645      0.999437285507     -0.509582134486  -4.10484330316e-06   5.50151947466e-08
       404.349442187        1659      0.999437282914      -0.50958214332  -4.09586439737e-06   7.64483741183e-07
       410.387860416        1673      0.999437282494     -0.509582146115  -4.09336212512e-06   -1.2224321973e-07
       416.541843339        1687      0.999437282401     -0.509582146238  -4.09319469697e-06  -1.36484131987e-07
         422.7120023        1699      0.999437282032     -0.509582146235   -4.0928950338e-06   4.87890157043e-08
       428.015305895        1712      0.999437281562     -0.509582146417  -4.09238269794e-06  -3.75002408188e-08
       428.783395303        1713      0.999437281493     -0.509582146451  -4.09230262047e-06  -1.65203364054e-08
       434.990221592        1725      0.999437281003     -0.509582146655  -4.09175983068e-06  -1.30572030227e-08
       441.045401148        1737      0.999437280701     -0.509582146746  -4.09145430768e-06   1.31070562488e-08
       447.136556416        1751      0.999437280555     -0.509582146785  -4.09131154498e-06   2.42987850926e-08
       453.133569573        1765      0.999437280504     -0.509582146798  -4.09126177043e-06  -1.05914284854e-08
       454.544553232        1770      0.999437280499     -0.509582146799  -4.09125681398e-06   -7.3247695382e-10
       459.295975194        1771       0.99943728049     -0.509582146801  -4.09124875477e-06   5.81201189679e-10
       465.558580013        1775      0.999437280486     -0.509582146801  -4.09124627251e-06   1.37286906533e-09
       471.669584307        1779      0.999437280484       -0.5095821468  -4.09124556477e-06  -4.45810754088e-10
       477.726825438        1783      0.999437280482       -0.5095821468  -4.09124521528e-06   4.09603612997e-11
       483.867826546        1787      0.999437280481     -0.509582146799  -4.09124502421e-06   2.75838720218e-10
       489.931750075        1791       0.99943728048     -0.509582146799   -4.0912449503e-06   5.16635469253e-10
       496.043381884        1795      0.999437280479     -0.509582146798  -4.09124493189e-06  -1.00734234449e-09
        502.16746824        1799      0.999437280477     -0.509582146798  -4.09124492857e-06  -9.66090497638e-11
       508.350547234        1803      0.999437280476     -0.509582146797  -4.09124492707e-06   5.01056834658e-10
       509.704544428        1806      0.999437280476     -0.509582146797  -4.09124492696e-06   1.59487109356e-11
       514.586510422        1807      0.999437280475     -0.509582146796  -4.09124492621e-06   2.54344326138e-10
       520.711051266        1811      0.999437280474     -0.509582146796  -4.09124492614e-06  -4.02902250412e-10
        526.80427537        1815      0.999437280473     -0.509582146795   -4.0912449256e-06   8.21770449334e-11
       532.766145935        1819      0.999437280472     -0.509582146795  -4.09124492524e-06   1.30473249208e-10
       538.850082108        1823       0.99943728047     -0.509582146794  -4.09124492515e-06   -1.2082483408e-10
       545.137388309        1827      0.999437280469     -0.509582146793  -4.09124492499e-06  -1.16354912846e-10
       551.263986337        1831      0.999437280468     -0.509582146793  -4.09124492495e-06   1.61238852177e-10
       557.371261303        1835      0.999437280467     -0.509582146792  -4.09124492491e-06   9.68213827049e-12
       563.568104972        1839      0.999437280465     -0.509582146791  -4.09124492453e-06   -7.9638869429e-11
       569.858113345        1843      0.999437280464     -0.509582146791  -4.09124492465e-06   -1.7779921805e-11
       575.943266142        1847      0.999437280463      -0.50958214679  -4.09124492497e-06   6.52305612074e-11
       582.161813239        1851      0.999437280462      -0.50958214679  -4.09124492457e-06  -2.30504479076e-11
       588.203276783        1855      0.999437280461     -0.509582146789  -4.09124492462e-06  -1.45451548545e-11
       594.390603818        1859       0.99943728046     -0.509582146789  -4.09124492477e-06   1.02126858197e-11
       600.441323577        1863      0.999437280459     -0.509582146788   -4.0912449246e-06   9.64491388433e-12
       606.639570474        1867      0.999437280457     -0.509582146787  -4.09124492459e-06  -1.67846844993e-11
       612.751224137        1871      0.999437280456     -0.509582146787  -4.09124492464e-06   8.01358521127e-12
       618.973512669        1875      0.999437280455     -0.509582146786  -4.09124492442e-06   1.45044620579e-13
       620.024526819        1877      0.999437280455     -0.509582146786  -4.09124492447e-06   2.23058342787e-12
       625.143188651        1879      0.999437280453     -0.509582146785  -4.09124492469e-06    3.1962749789e-13
        631.45055433        1883      0.999437280452     -0.509582146785   -4.0912449248e-06  -4.76722002032e-12
       637.589999292        1887      0.999437280451     -0.509582146784  -4.09124492452e-06   5.42203561277e-12
       643.732057427        1891       0.99943728045     -0.509582146783  -4.09124492463e-06  -3.70343865268e-12
        649.87348384        1895      0.999437280449     -0.509582146783  -4.09124492479e-06   2.26200866826e-12
       656.051010665        1899      0.999437280447     -0.509582146782  -4.09124492457e-06  -1.00614141686e-12
       662.291171155        1903      0.999437280446     -0.509582146782  -4.09124492445e-06   2.19602113612e-12
       668.471801144        1907      0.999437280445     -0.509582146781   -4.0912449245e-06  -1.79854130624e-12
       674.558186056        1911      0.999437280444      -0.50958214678  -4.09124492439e-06   1.84642789995e-12
        680.64418173        1915      0.999437280443      -0.50958214678  -4.09124492444e-06  -1.66484895789e-12
       686.710994719        1919      0.999437280442     -0.509582146779  -4.09124492455e-06   1.21019742864e-12
         692.7749192        1923      0.999437280441     -0.509582146779  -4.09124492438e-06  -9.67384002154e-13
       698.988297677        1927      0.999437280439     -0.509582146778  -4.09124492449e-06   1.52200733686e-12
       705.144593695        1931      0.999437280438     -0.509582146778  -4.09124492443e-06  -1.26606273463e-12
       711.394696761        1935      0.999437280437     -0.509582146777  -4.09124492449e-06   1.65026348742e-12
       717.505181073        1939      0.999437280436     -0.509582146776  -4.09124492426e-06  -5.57144803819e-13
       723.563260202        1943      0.999437280434     -0.509582146776  -4.09124492459e-06   1.94744148113e-13
       729.648781293        1947      0.999437280433     -0.509582146775  -4.09124492431e-06  -5.00190956738e-13
         735.8219944        1951      0.999437280432     -0.509582146774  -4.09124492464e-06   2.32922866858e-13
       742.026994818        1955       0.99943728043     -0.509582146774  -4.09124492419e-06  -9.84661550799e-13
       748.059514862        1959       0.99943728043     -0.509582146773  -4.09124492469e-06   1.42122521425e-12
        754.21554481        1963      0.999437280428     -0.509582146773  -4.09124492447e-06   -1.2038667781e-13
       760.305100775        1967      0.999437280427     -0.509582146772  -4.09124492441e-06   4.41418632148e-13
       766.337819973        1971      0.999437280426     -0.509582146771  -4.09124492441e-06  -6.92561870746e-13
       772.377806075        1975      0.999437280425     -0.509582146771  -4.09124492446e-06   2.58945256762e-13
       778.438828697        1979      0.999437280424      -0.50958214677  -4.09124492446e-06   1.81811053088e-13
       784.568427833        1983      0.999437280422      -0.50958214677  -4.09124492445e-06   1.38982975514e-13
       785.504500405        1985      0.999437280422     -0.509582146769  -4.09124492451e-06  -3.24200794847e-13
       790.840392421        1987      0.999437280421     -0.509582146769  -4.09124492456e-06   -2.5194711643e-13
        797.01674635        1991       0.99943728042     -0.509582146768  -4.09124492445e-06   5.21672860487e-13
       803.133001901        1995      0.999437280419     -0.509582146768  -4.09124492444e-06  -8.12341978572e-14
       809.433665419        1999      0.999437280417     -0.509582146767  -4.09124492444e-06   1.27833676628e-13
        815.82750715        2003      0.999437280416     -0.509582146766  -4.09124492455e-06  -7.71376035658e-13
        821.93789163        2007      0.999437280415     -0.509582146766  -4.09124492449e-06    1.0193628729e-12
       828.198636521        2011      0.999437280413     -0.509582146765  -4.09124492443e-06   1.97388730105e-13
       834.270397258        2015      0.999437280412     -0.509582146764  -4.09124492443e-06   9.04458980943e-13
       840.306046253        2019      0.999437280411     -0.509582146764  -4.09124492437e-06  -6.73968972729e-13
       846.487555544        2023       0.99943728041     -0.509582146763  -4.09124492454e-06   4.50924657207e-13
       852.558759997        2027      0.999437280409     -0.509582146762  -4.09124492442e-06  -6.18072944613e-13
       858.644724397        2031      0.999437280407     -0.509582146762  -4.09124492442e-06   6.79786014703e-13
       864.743640098        2035      0.999437280406     -0.509582146761  -4.09124492442e-06  -6.51955015759e-14
       870.935729807        2039      0.999437280405     -0.509582146761  -4.09124492447e-06  -1.49054813498e-14
       877.066912081        2043      0.999437280404      -0.50958214676  -4.09124492447e-06  -1.83864022575e-13
       883.191262581        2047      0.999437280402     -0.509582146759  -4.09124492446e-06   2.99058782607e-13
       889.325604434        2051      0.999437280401     -0.509582146759  -4.09124492441e-06  -9.74883449045e-13
       895.477009422        2055        0.9994372804     -0.509582146758  -4.09124492435e-06    3.5321523859e-13
       895.824482796        2057        0.9994372804     -0.509582146758   -4.0912449244e-06   8.62158877788e-14
       901.542429252        2059      0.999437280399     -0.509582146758  -4.09124492432e-06   1.28992244039e-13
       907.795808784        2063      0.999437280398     -0.509582146757  -4.09124492434e-06  -7.53903654962e-14
       913.922789547        2067      0.999437280396     -0.509582146756  -4.09124492423e-06    6.0117367073e-13
       920.104813581        2071      0.999437280395     -0.509582146756  -4.09124492434e-06   5.09479012723e-13
        926.25836623        2075      0.999437280394     -0.509582146755  -4.09124492433e-06   1.91972631692e-13
       932.456866952        2079      0.999437280393     -0.509582146754  -4.09124492444e-06  -2.12131927623e-13
       938.725644104        2083      0.999437280391     -0.509582146754  -4.09124492422e-06   3.95787785601e-13
       944.916713749        2087       0.99943728039     -0.509582146753  -4.09124492427e-06   1.05882528959e-12
       950.984473991        2092      0.999437280389     -0.509582146752  -4.09124492427e-06  -6.76090840586e-13
       957.041953319        2095      0.999437280388     -0.509582146752  -4.09124492443e-06  -1.97889440892e-13
        963.14514164        2099      0.999437280387     -0.509582146751  -4.09124492432e-06  -1.16885723088e-13
       969.386562695        2103      0.999437280385     -0.509582146751  -4.09124492443e-06  -6.09881314694e-13
       975.410958733        2107      0.999437280384      -0.50958214675  -4.09124492437e-06    9.5974433224e-13
       981.608526807        2111      0.999437280383     -0.509582146749  -4.09124492434e-06   4.88460866916e-13
       987.704103661        2115      0.999437280382     -0.509582146749  -4.09124492431e-06  -1.34830743207e-13
        993.87850443        2119       0.99943728038     -0.509582146748   -4.0912449243e-06   7.42260542386e-13
       1000.01947392        2121      0.999437280379     -0.509582146747  -4.09124492433e-06  -4.46625368558e-13
       1006.14446519        2127      0.999437280378     -0.509582146747  -4.09124492424e-06   -3.6735222051e-13
       1012.11887554        2131      0.999437280377     -0.509582146746  -4.09124492432e-06    4.4570112185e-13
       1018.24817957        2135      0.999437280376     -0.509582146746  -4.09124492427e-06  -3.34478437219e-14
       1024.37092188        2137      0.999437280374     -0.509582146745  -4.09124492426e-06   3.55863401894e-13
       1030.50549377        2141      0.999437280373     -0.509582146744  -4.09124492427e-06   2.63217420427e-14
       1036.72747613        2145      0.999437280372     -0.509582146744  -4.09124492423e-06  -4.14116680909e-13
       1043.05657218        2149      0.999437280371     -0.509582146743  -4.09124492423e-06   1.74775060139e-13
        1049.1363053        2153       0.99943728037     -0.509582146743   -4.0912449243e-06   1.29676425035e-13
       1055.32199991        2157      0.999437280368     -0.509582146742   -4.0912449242e-06   1.57536702936e-13
       1061.35484264        2163      0.999437280367     -0.509582146741  -4.09124492421e-06  -7.98709852294e-13
       1067.38058813        2165      0.999437280366     -0.509582146741  -4.09124492424e-06   1.12339695487e-12
       1073.53259147        2169      0.999437280365      -0.50958214674  -4.09124492424e-06  -5.01438056724e-13
       1079.81270922        2173      0.999437280364      -0.50958214674  -4.09124492421e-06   5.82588169928e-14
       1085.81148391        2177      0.999437280363     -0.509582146739  -4.09124492423e-06  -8.02835216046e-14
       1091.99905612        2181      0.999437280361     -0.509582146738  -4.09124492422e-06   -1.1198441681e-13
       1097.99494693        2185       0.99943728036     -0.509582146738   -4.0912449242e-06   2.40002281067e-13
       1104.15221175        2189      0.999437280359     -0.509582146737  -4.09124492423e-06   6.24473130326e-13
       1110.24409145        2193      0.999437280358     -0.509582146737   -4.0912449242e-06    -4.135336175e-15
       1116.44728068        2197      0.999437280357     -0.509582146736  -4.09124492418e-06   5.99382377009e-13
       1116.46444758        2198      0.999437280357     -0.509582146736  -4.09124492421e-06    5.5148758951e-13
       1122.60138063        2201      0.999437280355     -0.509582146735  -4.09124492425e-06   5.37619683287e-13
       1128.65354244        2205      0.999437280354     -0.509582146735  -4.09124492425e-06  -5.91689081827e-13
       1134.96154647        2209      0.999437280353     -0.509582146734  -4.09124492419e-06   5.21421457648e-14
        1141.0783267        2213      0.999437280352     -0.509582146733   -4.0912449242e-06  -2.14164153926e-13
       1147.25771266        2217       0.99943728035     -0.509582146733  -4.09124492416e-06  -2.16575743576e-13
       1153.41229574        2221      0.999437280349     -0.509582146732  -4.09124492414e-06  -1.07490368594e-12
       1159.50528478        2225      0.999437280348     -0.509582146732  -4.09124492415e-06   3.37375109954e-13
       1165.59296758        2229      0.999437280347     -0.509582146731  -4.09124492423e-06  -5.36471076524e-14
       1171.62443877        2234      0.999437280346     -0.509582146731   -4.0912449242e-06   3.40858450253e-13
       1171.67989967        2234      0.999437280346     -0.509582146731  -4.09124492415e-06   4.58916450581e-13
       1177.94298814        2237      0.999437280345      -0.50958214673  -4.09124492417e-06   7.23595448424e-13
       1184.17476226        2241      0.999437280343     -0.509582146729  -4.09124492413e-06   6.19086614185e-13
       1190.39897949        2245      0.999437280342     -0.509582146729  -4.09124492414e-06   1.44423926564e-13
       1196.45758036        2249      0.999437280341     -0.509582146728  -4.09124492419e-06   4.93496529299e-13
       1202.58126739        2253       0.99943728034     -0.509582146727   -4.0912449241e-06  -1.90408441532e-14
       1208.60654831        2257      0.999437280338     -0.509582146727  -4.09124492407e-06  -7.54976377137e-14
       1214.81797011        2261      0.999437280337     -0.509582146726  -4.09124492407e-06  -1.64468057192e-13
       1220.94457992        2265      0.999437280336     -0.509582146725  -4.09124492412e-06   1.83293607464e-13
       1226.78442997        2270      0.999437280335     -0.509582146725   -4.0912449242e-06   2.43259454304e-13
       1226.91256802        2270      0.999437280335     -0.509582146725  -4.09124492404e-06   1.16629594486e-13
       1233.09851162        2273      0.999437280334     -0.509582146724  -4.09124492409e-06    4.9977341559e-13
       1239.19998126        2277      0.999437280332     -0.509582146724  -4.09124492403e-06  -5.43385137011e-13
       1245.24388403        2281      0.999437280331     -0.509582146723  -4.09124492403e-06   3.54004719291e-13
       1251.36479732        2283       0.99943728033     -0.509582146722  -4.09124492414e-06   1.34180736504e-13
       1257.68296194        2287      0.999437280328     -0.509582146722  -4.09124492419e-06  -4.51853247263e-13
       1263.93419614        2291      0.999437280327     -0.509582146721  -4.09124492396e-06  -4.42892409451e-13
       1270.05614821        2295      0.999437280326      -0.50958214672  -4.09124492413e-06  -2.12958905821e-14
       1276.27600272        2299      0.999437280325      -0.50958214672  -4.09124492399e-06   1.94097491616e-13
       1281.94442116        2304      0.999437280323     -0.509582146719  -4.09124492423e-06   4.27419515484e-13
       1282.45159079        2304      0.999437280323     -0.509582146719   -4.0912449241e-06  -4.01800042693e-13
       1288.58245835        2307      0.999437280322     -0.509582146718  -4.09124492434e-06   3.74280966684e-13
       1294.73023177        2311      0.999437280321     -0.509582146718  -4.09124492417e-06   5.22130433145e-13
       1300.90541661        2315       0.99943728032     -0.509582146717    -4.091244924e-06   2.87984363477e-14
       1307.02928514        2319      0.999437280319     -0.509582146717  -4.09124492406e-06   5.51294537636e-14
       1313.12310642        2323      0.999437280317     -0.509582146716  -4.09124492411e-06   1.65168652856e-14
       1319.27230101        2327      0.999437280316     -0.509582146715    -4.091244924e-06  -5.98016213657e-13
       1325.38962645        2331      0.999437280315     -0.509582146715  -4.09124492416e-06  -1.51555886795e-13
        1331.6128564        2335      0.999437280314     -0.509582146714   -4.0912449241e-06   3.22377819865e-13
       1337.10441236        2339      0.999437280312     -0.509582146713   -4.0912449241e-06   2.91627550472e-13
       1337.84529384        2339      0.999437280312     -0.509582146713  -4.09124492399e-06  -3.72369775182e-13
       1344.07814299        2343      0.999437280311     -0.509582146713  -4.09124492404e-06  -7.58915640141e-13
       1350.31439365        2347      0.999437280309     -0.509582146712  -4.09124492401e-06  -3.68938384421e-13
       1356.32450754        2351      0.999437280308     -0.509582146711  -4.09124492409e-06   2.67501289256e-13
       1362.42640426        2355      0.999437280307     -0.509582146711  -4.09124492398e-06   4.77919980704e-14
       1368.52073016        2359      0.999437280306      -0.50958214671  -4.09124492397e-06   4.56076549905e-13
         1374.667488        2363      0.999437280305      -0.50958214671  -4.09124492403e-06  -5.70386658919e-14
       1380.80852219        2365      0.999437280303     -0.509582146709  -4.09124492397e-06  -8.26589290845e-13
       1387.06762372        2369      0.999437280302     -0.509582146708  -4.09124492408e-06  -4.10980182059e-14
       1392.26440355        2374      0.999437280301     -0.509582146708  -4.09124492396e-06   3.92109142932e-13
       1393.14387037        2374      0.999437280301     -0.509582146708  -4.09124492402e-06  -4.18319893413e-13
       1399.33702097        2377        0.9994372803     -0.509582146707   -4.0912449239e-06   -6.6983781156e-13
       1405.46598876        2381      0.999437280298     -0.509582146706  -4.09124492401e-06  -2.83286138192e-13
       1411.70362559        2385      0.999437280297     -0.509582146706   -4.0912449239e-06  -2.09036021419e-13
       1417.91643709        2389      0.999437280296     -0.509582146705  -4.09124492395e-06   1.22832995082e-14
       1424.16215226        2393      0.999437280294     -0.509582146704  -4.09124492392e-06  -1.08163805625e-12
        1430.2773801        2397      0.999437280293     -0.509582146704    -4.091244924e-06   4.88997377495e-14
        1436.5278024        2401      0.999437280292     -0.509582146703    -4.091244924e-06  -2.19819319182e-13
       1442.56519363        2405      0.999437280291     -0.509582146703  -4.09124492394e-06   3.19211473654e-13
       1447.42439475        2409       0.99943728029     -0.509582146702  -4.09124492399e-06   -5.7321616152e-13
       1448.72899455        2409       0.99943728029     -0.509582146702  -4.09124492405e-06   8.94166205567e-14
       1454.81252225        2413      0.999437280289     -0.509582146701  -4.09124492382e-06   7.28521031328e-13
       1461.00757601        2417      0.999437280287     -0.509582146701  -4.09124492388e-06   3.62921505884e-14
       1467.12178203        2421      0.999437280286       -0.5095821467  -4.09124492393e-06  -1.70960329174e-13
       1473.27041157        2425      0.999437280285       -0.5095821467  -4.09124492393e-06   1.37931865108e-13
       1479.41815219        2429      0.999437280284     -0.509582146699  -4.09124492387e-06  -6.76174896472e-13
       1485.48898132        2433      0.999437280283     -0.509582146698  -4.09124492398e-06    2.0766551174e-13
       1491.67262892        2437      0.999437280282     -0.509582146698  -4.09124492398e-06   1.85048713127e-13
       1497.82437634        2441       0.99943728028     -0.509582146697  -4.09124492397e-06    3.2332682956e-13
       1504.01777147        2445      0.999437280279     -0.509582146697  -4.09124492375e-06  -2.20283692268e-13
       1510.17718993        2449      0.999437280278     -0.509582146696  -4.09124492386e-06   8.68895709113e-13
       1516.30690687        2453      0.999437280277     -0.509582146695  -4.09124492385e-06  -1.17810258308e-13
       1522.46307394        2457      0.999437280276     -0.509582146695  -4.09124492391e-06  -2.46236259597e-14
       1528.71860272        2461      0.999437280274     -0.509582146694   -4.0912449239e-06   3.65054173924e-13
       1534.85829528        2465      0.999437280273     -0.509582146693  -4.09124492396e-06   1.76218963049e-13
       1540.99786044        2469      0.999437280272     -0.509582146693   -4.0912449239e-06  -3.85805116282e-13
       1547.08464414        2473      0.999437280271     -0.509582146692   -4.0912449239e-06   -2.3913408015e-13
       1553.37618056        2477      0.999437280269     -0.509582146691  -4.09124492373e-06   2.53432184109e-13
       1557.74437714        2480      0.999437280268     -0.509582146691  -4.09124492389e-06   1.02467607985e-13
       1559.66122186        2480      0.999437280268     -0.509582146691  -4.09124492389e-06   3.72852858637e-13
       1565.78238505        2483      0.999437280267      -0.50958214669  -4.09124492394e-06  -6.66505239137e-13
       1572.04039102        2487      0.999437280265     -0.509582146689  -4.09124492386e-06  -6.98134649121e-14
       1578.28292542        2491      0.999437280264     -0.509582146689   -4.0912449238e-06   4.34985548363e-13
       1584.26678769        2495      0.999437280263     -0.509582146688  -4.09124492377e-06  -2.00703789186e-13
       1590.29093809        2499      0.999437280262     -0.509582146688  -4.09124492388e-06   3.88437389537e-13
       1596.35225183        2505      0.999437280261     -0.509582146687  -4.09124492376e-06  -1.17454008408e-13
       1602.42176559        2509       0.99943728026     -0.509582146687  -4.09124492387e-06  -5.24814160991e-13
       1608.58734294        2513      0.999437280259     -0.509582146686   -4.0912449237e-06   1.68941750194e-13
       1612.90436834        2516      0.999437280258     -0.509582146686  -4.09124492388e-06  -4.25624098161e-13
        1614.6668299        2517      0.999437280257     -0.509582146685  -4.09124492387e-06  -2.63753272994e-13
       1620.86272216        2521      0.999437280256     -0.509582146685  -4.09124492392e-06   3.06739618263e-13
       1627.02777585        2525      0.999437280255     -0.509582146684  -4.09124492369e-06   2.74314629013e-13
       1633.17820196        2529      0.999437280254     -0.509582146684  -4.09124492391e-06   7.47525214703e-13
       1639.36499896        2533      0.999437280253     -0.509582146683  -4.09124492391e-06  -1.91788445501e-13
       1645.57767297        2535      0.999437280251     -0.509582146682  -4.09124492369e-06   7.53109376656e-13
        1651.7139212        2539       0.99943728025     -0.509582146682  -4.09124492379e-06   4.33984620347e-13
       1657.76396935        2545      0.999437280249     -0.509582146681  -4.09124492379e-06  -2.89143951444e-13
        1663.8262121        2549      0.999437280248     -0.509582146681  -4.09124492368e-06  -2.70490675133e-13
       1670.06002808        2553      0.999437280247      -0.50958214668  -4.09124492379e-06  -1.36473165596e-13
       1676.08894707        2557      0.999437280246     -0.509582146679  -4.09124492362e-06  -2.81681592176e-14
       1682.21267214        2561      0.999437280244     -0.509582146679  -4.09124492362e-06   8.51786315386e-13
       1688.32023659        2565      0.999437280243     -0.509582146678  -4.09124492389e-06  -3.93947496158e-13
       1694.40574677        2567      0.999437280242     -0.509582146678  -4.09124492367e-06  -2.32740913847e-14
       1700.55308358        2573      0.999437280241     -0.509582146677  -4.09124492366e-06   -3.7625611482e-13
       1706.68565059        2577       0.99943728024     -0.509582146676  -4.09124492372e-06  -3.03107110589e-13
       1712.68544418        2581      0.999437280239     -0.509582146676   -4.0912449236e-06   6.51161469316e-13
       1718.84817844        2585      0.999437280237     -0.509582146675  -4.09124492354e-06   4.97094974399e-14
       1723.22435073        2588      0.999437280237     -0.509582146675  -4.09124492374e-06  -2.00551082614e-13
       1724.89551192        2589      0.999437280236     -0.509582146675  -4.09124492376e-06  -2.79039142471e-13
       1731.16512919        2591      0.999437280235     -0.509582146674  -4.09124492365e-06   2.29941226676e-14
       1737.26294611        2595      0.999437280234     -0.509582146673  -4.09124492365e-06  -3.90895892408e-13
       1743.53944894        2599      0.999437280232     -0.509582146673  -4.09124492364e-06  -6.09776606826e-13
       1749.75178168        2603      0.999437280231     -0.509582146672  -4.09124492381e-06   1.11443546282e-14
       1755.82523721        2609       0.99943728023     -0.509582146671  -4.09124492358e-06   -1.7022198087e-13
       1761.88730441        2613      0.999437280229     -0.509582146671  -4.09124492369e-06  -1.09296995563e-14
       1768.13559339        2615      0.999437280228      -0.50958214667  -4.09124492363e-06  -3.10014662485e-13
       1774.30858098        2621      0.999437280226      -0.50958214667   -4.0912449238e-06   8.77372275625e-13
       1778.38434192        2624      0.999437280226     -0.509582146669  -4.09124492363e-06    6.8330127241e-13
       1780.44058178        2625      0.999437280225     -0.509582146669  -4.09124492363e-06  -6.28747180072e-14
       1786.41304691        2629      0.999437280224     -0.509582146669  -4.09124492396e-06  -2.34686929139e-13
       1792.64012624        2631      0.999437280223     -0.509582146668  -4.09124492373e-06  -1.51976153953e-13
       1798.60219079        2637      0.999437280222     -0.509582146667  -4.09124492362e-06  -4.88045762232e-14
       1804.77552686        2641      0.999437280221     -0.509582146667  -4.09124492378e-06   6.02746057239e-13
       1810.91205265        2645      0.999437280219     -0.509582146666  -4.09124492362e-06    5.7064239598e-13
       1817.07346537        2647      0.999437280218     -0.509582146665  -4.09124492361e-06   5.46369086887e-14
       1823.24797748        2651      0.999437280217     -0.509582146665  -4.09124492361e-06   7.97813700107e-13
       1829.42362221        2655      0.999437280216     -0.509582146664  -4.09124492366e-06   1.73074699802e-13
       1835.46736804        2659      0.999437280214     -0.509582146663  -4.09124492349e-06  -5.86800754832e-13
       1841.64623233        2663      0.999437280213     -0.509582146663  -4.09124492349e-06  -4.31117013854e-13
       1847.90492333        2667      0.999437280212     -0.509582146662  -4.09124492343e-06   1.41741364276e-14
       1854.02130988        2671       0.99943728021     -0.509582146661  -4.09124492348e-06  -8.14656747426e-13
       1860.14266516        2675      0.999437280209     -0.509582146661  -4.09124492354e-06  -2.39380126555e-13
       1866.25876614        2679      0.999437280208      -0.50958214666  -4.09124492376e-06   4.61183773816e-13
        1872.4896783        2683      0.999437280207      -0.50958214666   -4.0912449237e-06  -2.65167348194e-13
       1878.62718009        2687      0.999437280206     -0.509582146659  -4.09124492364e-06   3.89813081696e-13
       1884.80644781        2689      0.999437280204     -0.509582146658  -4.09124492342e-06   4.03251835321e-13
       1888.70432431        2693      0.999437280204     -0.509582146658  -4.09124492364e-06  -3.41388164664e-13
       1890.85869869        2693      0.999437280203     -0.509582146658  -4.09124492364e-06   1.37538597161e-13
        1896.9638817        2697      0.999437280202     -0.509582146657  -4.09124492352e-06  -4.43369526381e-13
         1903.163741        2701      0.999437280201     -0.509582146657  -4.09124492357e-06   3.44944917947e-13
       1909.33611111        2705        0.9994372802     -0.509582146656  -4.09124492346e-06  -7.33518463414e-13
       1915.52171734        2709      0.999437280199     -0.509582146655  -4.09124492357e-06  -2.20086685585e-13
        1921.6825505        2713      0.999437280197     -0.509582146655  -4.09124492368e-06  -2.76663758083e-13
       1927.86990124        2717      0.999437280196     -0.509582146654  -4.09124492351e-06   8.56496405851e-14
       1933.94382415        2721      0.999437280195     -0.509582146654  -4.09124492362e-06  -1.59194435048e-13
       1940.15193881        2723      0.999437280194     -0.509582146653  -4.09124492361e-06   2.14765906808e-13
       1943.86431551        2727      0.999437280193     -0.509582146652  -4.09124492356e-06   1.52607318027e-13
       1946.32632643        2727      0.999437280192     -0.509582146652  -4.09124492361e-06   4.95666673079e-13
       1952.59079635        2731      0.999437280191     -0.509582146652   -4.0912449235e-06   8.60831303318e-15
       1958.76822976        2735       0.99943728019     -0.509582146651  -4.09124492344e-06  -1.67546153857e-13
       1964.93120836        2739      0.999437280188      -0.50958214665  -4.09124492344e-06   5.77077898344e-13
       1971.18695774        2741      0.999437280187      -0.50958214665  -4.09124492343e-06   7.15606690905e-14
       1977.26508767        2745      0.999437280186     -0.509582146649  -4.09124492343e-06   3.44678939093e-13
       1983.50253304        2749      0.999437280184     -0.509582146648   -4.0912449237e-06  -1.53083680516e-13
       1989.61255673        2753      0.999437280183     -0.509582146648  -4.09124492354e-06   6.85563193082e-13
       1995.77242905        2757      0.999437280182     -0.509582146647  -4.09124492353e-06  -3.28663682612e-13
        1999.0243067        2760      0.999437280181     -0.509582146647  -4.09124492353e-06   3.93107265441e-13
       2001.84845676        2761      0.999437280181     -0.509582146646  -4.09124492342e-06  -1.60711443773e-13
         2007.995504        2765       0.99943728018     -0.509582146646  -4.09124492358e-06  -1.23730113116e-13
       2014.06782846        2767      0.999437280178     -0.509582146645  -4.09124492341e-06   8.73374668147e-14
       2020.13439356        2771      0.999437280177     -0.509582146645  -4.09124492358e-06   2.78418967775e-13
       2026.30690921        2775      0.999437280176     -0.509582146644  -4.09124492352e-06   5.92663082261e-13
       2032.40855001        2779      0.999437280175     -0.509582146643  -4.09124492357e-06  -8.28184344849e-13
        2038.5717339        2783      0.999437280174     -0.509582146643   -4.0912449234e-06   1.05699800965e-13
       2044.71362985        2787      0.999437280172     -0.509582146642  -4.09124492351e-06  -7.56409597256e-13
       2050.82134483        2791      0.999437280171     -0.509582146641   -4.0912449234e-06   -8.4396943601e-14
        2054.1842979        2794      0.999437280171     -0.509582146641  -4.09124492351e-06    5.2947727227e-14
       2056.80467442        2795       0.99943728017     -0.509582146641  -4.09124492337e-06   6.90576456721e-13
       2063.04641798        2799      0.999437280169      -0.50958214664   -4.0912449235e-06   5.64858175725e-13
       2069.15901594        2803      0.999437280168      -0.50958214664  -4.09124492342e-06  -6.19502333066e-14
        2075.2154949        2807      0.999437280167     -0.509582146639  -4.09124492344e-06   -9.1721960325e-14
       2081.26082401        2811      0.999437280166     -0.509582146639  -4.09124492347e-06  -3.89953761714e-13
       2087.32435569        2815      0.999437280165     -0.509582146638  -4.09124492337e-06   6.52841901808e-13
       2093.42885253        2817      0.999437280163     -0.509582146637  -4.09124492341e-06   1.44109358525e-13
        2099.6261824        2821      0.999437280162     -0.509582146637  -4.09124492341e-06  -1.02729425222e-14
        2105.8956364        2825      0.999437280161     -0.509582146636  -4.09124492343e-06   1.10983728303e-13
        2109.3442891        2828       0.99943728016     -0.509582146636  -4.09124492354e-06  -4.54912434874e-13
       2112.04031994        2829       0.99943728016     -0.509582146636   -4.0912449234e-06   5.84637144761e-13
       2118.22879069        2833      0.999437280158     -0.509582146635  -4.09124492343e-06  -1.96895993376e-13
       2124.31680104        2837      0.999437280157     -0.509582146634  -4.09124492333e-06  -1.67742750715e-13
        2130.5496197        2839      0.999437280156     -0.509582146634  -4.09124492345e-06   1.21209190177e-13
       2136.61090334        2843      0.999437280155     -0.509582146633  -4.09124492338e-06  -4.43140093868e-13
       2142.87823613        2847      0.999437280154     -0.509582146632  -4.09124492339e-06   -3.3793043132e-13
       2149.01235315        2851      0.999437280152     -0.509582146632   -4.0912449233e-06  -2.14037635917e-13
        2155.0503244        2855      0.999437280151     -0.509582146631  -4.09124492333e-06   3.24642280457e-13
       2161.16981044        2859       0.99943728015     -0.509582146631  -4.09124492337e-06  -7.45568549641e-14
       2164.50428029        2861      0.999437280149      -0.50958214663  -4.09124492329e-06  -6.54923674202e-13
       2167.32409105        2861      0.999437280149      -0.50958214663  -4.09124492338e-06   4.84324043349e-13
       2173.48690084        2865      0.999437280147     -0.509582146629  -4.09124492337e-06   -4.3815387752e-13
       2179.66601253        2869      0.999437280146     -0.509582146629  -4.09124492333e-06  -1.08706142414e-13
       2185.87395021        2873      0.999437280145     -0.509582146628  -4.09124492334e-06   -2.6856605412e-13
       2192.07694579        2877      0.999437280144     -0.509582146627  -4.09124492332e-06   2.18975915273e-13
       2198.29196285        2879      0.999437280142     -0.509582146627  -4.09124492331e-06  -2.71047940926e-13
       2204.30912164        2885      0.999437280141     -0.509582146626  -4.09124492328e-06   1.06590527061e-14
