# 
# 
# kRn: sum[Orbital&Phi,Phi,Eta,specRn] density
0.0113202, 8.8180485e-19
0.0226404, 3.3726257e-18
0.0339606, 7.0044045e-18
0.0452808, 1.0662723e-17
0.056601, 1.1872801e-17
0.0679212, 8.3666746e-18
0.0792414, 5.4479067e-18
0.0905616, 2.5308241e-17
0.1018818, 1.0901824e-16
0.113202, 2.4200824e-16
0.1245222, 2.5885614e-16
0.1358424, 4.5645646e-17
0.1471626, 2.2365647e-16
0.1584828, 1.5564286e-15
0.169803, 2.1176551e-15
0.1811232, 2.0871497e-16
0.1924434, 2.1791119e-15
0.2037636, 7.1157335e-15
0.2150838, 1.54518e-15
0.226404, 4.9330295e-15
0.2377242, 1.4365619e-14
0.2490444, 1.3006239e-16
0.2603646, 2.0453908e-14
0.2716848, 9.7940036e-15
0.283005, 1.6960435e-14
0.2943252, 2.7843598e-14
0.3056454, 1.8565507e-14
0.3169656, 5.2364939e-14
0.3282858, 4.5213724e-14
0.339606, 8.5898007e-14
0.3509262, 1.0333052e-13
0.3622464, 8.4101945e-14
0.3735666, 1.4744272e-13
0.3848868, 3.2972185e-14
0.396207, 1.1385086e-13
0.4075272, 8.1940614e-14
0.4188474, 1.1584881e-13
0.4301676, 3.9248593e-12
0.4414878, 4.2660402e-11
0.452808, 2.9515574e-10
0.4641282, 1.1322858e-09
0.4754484, 2.5827751e-09
0.4867686, 3.5546041e-09
0.4980888, 2.7630013e-09
0.509409, 1.1760281e-09
0.5207292, 2.2688569e-10
0.5320494, 2.0656119e-11
0.5433696, 2.3479978e-10
0.5546898, 9.1848317e-08
0.56601, 2.0932762e-06
0.5773302, 1.2430255e-05
0.5886504, 2.5298519e-05
0.5999706, 1.8119618e-05
0.6112908, 3.9361e-06
0.622611, 1.5912458e-07
0.6339312, 1.7624936e-08
0.6452514, 3.9052161e-07
0.6565716, 0.00029686967
0.6678918, 0.009176446
0.679212, 0.025017353
0.6905322, 0.0090058049
0.7018524, 0.0001955738
0.7131726, 5.5608088e-07
0.7244928, 1.6126588e-08
0.735813, 2.0811003e-07
0.7471332, 2.8285365e-06
0.7584534, 6.3066856e-06
0.7697736, 2.8291696e-06
0.7810938, 1.7066529e-07
0.792414, 2.618819e-08
0.8037342, 1.9329381e-07
0.8150544, 0.0018763113
0.8263746, 0.025581476
0.8376948, 0.015050036
0.849015, 0.00018650216
0.8603352, 1.6303112e-07
0.8716554, 1.5618286e-07
0.8829756, 1.6935457e-05
0.8942958, 7.6621173e-05
0.905616, 2.945409e-05
0.9169362, 5.6975267e-07
0.9282564, 9.6108131e-11
0.9395766, 6.3201933e-09
0.9508968, 5.8503692e-08
0.962217, 5.9703876e-08
0.9735372, 6.4514263e-09
0.9848574, 3.1139193e-11
0.9961776, 3.5377577e-12
1.0074978, 3.0946848e-11
1.018818, 3.6744809e-11
1.0301382, 5.8124303e-12
1.0414584, 9.6828984e-14
1.0527786, 6.1042157e-14
1.0640988, 2.9184058e-14
1.075419, 1.6650944e-14
1.0867392, 3.9388398e-14
1.0980594, 2.6388426e-14
1.1093796, 1.1608582e-15
1.1206998, 9.2965925e-15
1.13202, 2.8563884e-14
1.1433402, 2.9256578e-14
1.1546604, 1.4831091e-14
1.1659806, 2.5677283e-15
1.1773008, 3.3005352e-16
1.188621, 5.106122e-15
1.1999412, 1.1171791e-14
1.2112614, 1.5233782e-14
1.2225816, 1.6766811e-14
1.2339018, 1.6537018e-14
1.245222, 1.4941806e-14
1.2565422, 1.1679985e-14
1.2678624, 9.5678056e-15
1.2791826, 1.0315165e-14
1.2905028, 1.6755088e-14
1.301823, 2.2250361e-13
1.3131432, 3.957485e-13
1.3244634, 4.1212877e-14
1.3357836, 3.6970551e-12
1.3471038, 1.3316487e-10
1.358424, 1.1765988e-10
1.3697442, 2.2747836e-12
1.3810644, 1.8419851e-09
1.3923846, 3.2938816e-08
1.4037048, 4.6994809e-09
1.415025, 8.2972078e-13
1.4263452, 5.0439085e-11
1.4376654, 1.3423617e-10
1.4489856, 5.0689417e-12
1.4603058, 3.0579853e-09
1.471626, 8.9041501e-08
1.4829462, 1.1182294e-08
1.4942664, 1.7592378e-12
1.5055866, 1.1854619e-10
1.5169068, 8.2363416e-11
1.528227, 5.2402439e-13
1.5395472, 2.682306e-09
1.5508674, 1.3609255e-08
1.5621876, 1.403851e-10
1.5735078, 1.0178667e-11
1.584828, 1.0502054e-10
1.5961482, 7.1314272e-12
1.6074684, 2.1328057e-14
1.6187886, 2.692445e-13
1.6301088, 4.3761032e-14
1.641429, 3.4296034e-16
1.6527492, 4.5458595e-16
1.6640694, 2.7484697e-16
1.6753896, 2.938478e-16
1.6867098, 5.7459783e-16
1.69803, 9.2094246e-17
1.7093502, 1.1541307e-16
1.7206704, 4.5419552e-16
1.7319906, 3.0531714e-16
1.7433108, 2.1509885e-17
1.754631, 8.3577767e-17
1.7659512, 2.9883408e-16
1.7772714, 3.3409081e-16
1.7885916, 2.1712964e-16
1.7999118, 5.3942897e-17
1.811232, 3.4638888e-17
1.8225522, 1.1963252e-16
1.8338724, 4.8481924e-17
1.8451926, 7.2362861e-15
1.8565128, 2.9046086e-15
1.867833, 1.9514324e-16
1.8791532, 4.8347821e-16
1.8904734, 1.8845552e-16
1.9017936, 8.6528646e-15
1.9131138, 5.8967215e-14
1.924434, 3.0279899e-16
1.9357542, 8.1014658e-17
1.9470744, 3.2993933e-17
1.9583946, 2.2174107e-15
1.9697148, 4.7800465e-14
1.981035, 1.0004415e-15
1.9923552, 2.0662399e-16
2.0036754, 1.7335283e-16
2.0149956, 1.94968e-16
2.0263158, 3.8208718e-15
2.037636, 5.3981714e-17
2.0489562, 6.8255718e-17
2.0602764, 3.4162718e-17
2.0715966, 5.6338459e-18
2.0829168, 2.8842182e-17
2.094237, 1.0049443e-17
2.1055572, 1.2239158e-18
2.1168774, 1.9901254e-17
2.1281976, 1.316747e-17
2.1395178, 1.070091e-17
2.150838, 2.9896944e-17
2.1621582, 3.9778005e-18
2.1734784, 2.3072907e-17
2.1847986, 1.2653109e-18
2.1961188, 1.4341273e-17
2.207439, 5.8185259e-18
2.2187592, 2.3201961e-17
2.2300794, 8.1060887e-18
2.2413996, 2.7769662e-17
2.2527198, 5.3538706e-18
2.26404, 1.1667099e-17
