# Ovr(X1.X2.X1.X2)
# H0
#      Time            CPU   <Ovr(X1.X2.X1.X2)>                <H0>
      -68.9499889943           0                   1      -2.87912755229
      -55.1599911954       4.669       0.99999999948      -2.87871203347
      -41.3699933966       9.342      0.999999972464      -2.87096555856
      -27.5799955977          14       0.99999931876      -2.85679830255
      -13.7899977989       18.67      0.999969700281      -2.83005522788
   -2.1280754936e-12       23.33      0.999382030219      -2.80587574032
       13.7899977989       27.97      0.995576130969      -2.77812513963
       27.5799955977        32.6      0.984541134448      -2.76242439122
       41.3699933966       37.19      0.964806250057      -2.73293764668
       55.1599911954       41.77      0.943959523229       -2.6980004546
       68.9499889943       46.31      0.931129468451      -2.67293215623
       82.7399867932       48.98      0.927046097772      -2.66477171573
        96.529984592       51.66       0.92630045827      -2.66329389739
       110.319982391       54.33       0.92634999308       -2.6634126841
        124.10998019       57.02      0.926663898955      -2.66406544009
       137.899977989       59.75      0.927100615777      -2.66496703297
       151.689975787       62.45      0.927606857549      -2.66600948648
       165.479973586       65.14      0.928133131099      -2.66709133364
       179.269971385       67.81      0.928619755763      -2.66809047947
       193.059969184       70.49      0.929020650277      -2.66891279547
       206.849966983       73.15      0.929306075868      -2.66949689544
