# Ovr(Phi.Eta.Rn.Rn)
# H0
# Exp0
#      Time            CPU <Ovr(Phi.Eta.Rn.Rn)>                <H0>              <Exp0>
      -110.319982391           0                   1     -0.499999992318                   1
      -104.803983271       10.61                   1     -0.499998162153                   1
      -103.707064265       11.52                   1     -0.499995228684                   1
      -102.045983712       16.11                   1     -0.499984697964                   1
      -97.1255656694       23.43      0.999999999981      -0.49984960998      0.999999999981
      -96.5299845921        26.3       0.99999999997     -0.499817050181       0.99999999997
      -93.7719850324       30.82      0.999999999799     -0.499615092222      0.999999999801
      -91.0139854726       35.71      0.999999999165     -0.499350376601      0.999999999171
      -90.1301573443       35.71       0.99999999877       -0.4992593112      0.999999998779
      -85.4979863531       44.17      0.999999994019     -0.498751783728      0.999999994059
      -82.7399867933       49.09      0.999999988324     -0.498307715333      0.999999988395
      -79.9819872335       54.47        0.9999999804     -0.497502551092      0.999999980508
      -77.2239876737       59.86      0.999999970812     -0.496061197734      0.999999970958
      -76.1978724988       60.95      0.999999966986     -0.495320703152      0.999999967145
       -74.465988114        65.5      0.999999960342     -0.493811320408      0.999999960522
      -69.7472583325       74.86      0.999999942279     -0.488560810034        0.9999999425
      -63.4339898749        88.2      0.999999919876     -0.483229652833      0.999999920138
      -63.2951709313        88.2        0.9999999194     -0.483176423911      0.999999919663
      -57.9179907553       100.1      0.999999900811     -0.482177300528      0.999999901116
      -56.8931708126       100.5      0.999999897131     -0.481784873854      0.999999897447
      -55.1599911956       105.9      0.999999890719     -0.480491254713      0.999999891055
      -50.5243781932       114.5      0.999999869268     -0.471002493176      0.999999869716
       -49.643992076       118.7       0.99999986287     -0.468075154443      0.999999863372
      -46.8859925162       125.2      0.999999822092     -0.457159108774      0.999999823009
       -44.305830982       130.3      0.999999698612     -0.446250669645      0.999999700832
      -41.3699933967       142.2      0.999999220354     -0.436397582897      0.999999227028
      -38.6119938369       150.6      0.999997951965     -0.432243140336      0.999997968477
      -38.3540076048       150.6      0.999997768823     -0.432146454962       0.99999778662
      -33.0959947174         171      0.999990645898     -0.438188711174      0.999990702254
      -32.3606423872         172      0.999989105141      -0.43952432915       0.99998916817
      -30.3379951576       181.7      0.999984237533     -0.442312515227      0.999984319853
       -26.467376789       195.9      0.999972112592     -0.439335177594      0.999972242136
      -24.8219960381       203.5      0.999965009412     -0.433435122528      0.999965171263
      -22.0639964783       214.8      0.999946553307     -0.417726417236      0.999946811018
      -20.6911656768       219.8      0.999931559046     -0.408160343114      0.999931897262
      -19.3059969185       227.2      0.999909739163     -0.398247859422      0.999910190937
      -16.5479973588       238.9      0.999834756222     -0.380767247508      0.999835551999
      -14.8875727573       245.7      0.999761689499      -0.37362672833      0.999762760596
       -13.789997799       251.5      0.999700142609     -0.370938329326      0.999701408933
      -11.0319982392       265.8      0.999503649177      -0.37229700812      0.999505370818
      -9.04056938717       275.5      0.999337007159     -0.379711502736      0.999338979244
      -8.27399867944       279.9      0.999270240659     -0.383529289712      0.999272294627
      -5.51599911967       294.3      0.999024058737     -0.398538251223      0.999026423586
      -3.31628628107       305.4      0.998815733946     -0.408389316653      0.998818474514
  -1.25736754342e-10       323.8       0.99844511898     -0.413443729842      0.998448786897
       2.46316015799       335.3      0.998088638354     -0.407743676903      0.998093297187
       2.75799955965       337.4      0.998039323734      -0.40656488167      0.998044119954
       8.23490130962       363.2      0.996698047359      -0.37616490311      0.996706265822
       8.27399867919       364.9       0.99668467717     -0.375952062653      0.996692924776
        11.031998239       378.5      0.995588741079     -0.364188632275      0.995598896777
       13.7899977987         391      0.994287564207     -0.362415642339      0.994298630101
       13.9092509432         391      0.994230304538     -0.362617024006      0.994241375723
       16.5479973585       404.6      0.993027119613     -0.372551569926      0.993037673736
       19.3059969183       416.7      0.991989910643     -0.390482320512      0.991999415411
       19.8339038687       416.9      0.991817592547     -0.394219116717      0.991826947543
        22.063996478       429.5       0.99114887355     -0.409227426238      0.991158006771
       24.8219960378       443.1      0.990365068951     -0.423008207967      0.990374851247
       25.6687497505       446.7       0.99011808961     -0.425720782786      0.990128214561
       27.5799955976       455.6      0.989536344055     -0.428987044366      0.989547359284
       30.3379951574       467.8      0.988621560913     -0.427569089286      0.988633973054
       31.7445693994       472.6      0.988110656455     -0.425069783372      0.988123825234
       35.8539942769       492.2      0.986356607704     -0.417882483488      0.986372201737
       37.8529539656       498.5      0.985342722561     -0.416994478259      0.985359274507
       38.6119938367       502.9      0.984938345356     -0.417380045213      0.984955119292
       41.3699933965       514.5      0.983468053387     -0.422633097966      0.983484668877
       43.9238908586       524.4      0.982258389704     -0.432199096966      0.982273562104
       44.1279929562       527.1      0.982172543104      -0.43308604254       0.98218756307
        46.885992516       539.5      0.981192093022     -0.445383189074      0.981204876075
       49.6439920758         552      0.980514116744     -0.456047310085      0.980524904571
       49.9145584974       552.2      0.980460341157     -0.456927992297      0.980470966952
       52.4019916355       563.8      0.980037590194      -0.46342277767      0.980047047402
       55.1599911953       576.5      0.979658989075     -0.467332539556      0.979667709892
       56.0080410375       578.1      0.979551412254     -0.467947918285      0.979559983193
       57.9179907551       586.5      0.979315484336      -0.46866911242      0.979323794351
       60.6759903149       596.7      0.978978243757     -0.469138678479      0.978986286808
       62.1479609466       601.9      0.978795951193     -0.469581081782       0.97880386472
       63.4339898746       607.4       0.97863521001     -0.470198701993       0.97864298969
       68.3510495704       625.7      0.978044960306     -0.474333974849      0.978051808114
       68.9499889942       629.8      0.977980460173     -0.474955599163      0.977987152655
       71.7079885539       640.5      0.977714549605     -0.477837609866      0.977720506508
       74.4659881137       650.6      0.977498366974     -0.480431432864      0.977503661786
       74.5308321975       650.6      0.977493811947     -0.480486472146      0.977499092707
       77.2239876735       660.2      0.977322385108     -0.482485447544        0.9773271433
       79.9819872333       670.2      0.977176835506      -0.48393031814      0.977181161139
       80.5464933917       671.5      0.977150167886     -0.484154955531      0.977154415106
       85.4979863528         692      0.976952994434     -0.485439903319      0.976956678847
          86.7692526       695.4      0.976911182754     -0.485666143457      0.976914755124
       88.2559859126       702.6      0.976865919759     -0.485905512683      0.976869374226
       92.8942996412       717.2      0.976745979581     -0.486396935186      0.976749122787
       93.7719850321       722.1      0.976726516493     -0.486441258401      0.976729605276
       96.5299845919       731.2       0.97667157671     -0.486528628282      0.976674494868
       99.0224932889       739.1       0.97662976137     -0.486590505832      0.976632522876
       99.2879841517         741       0.97662572804     -0.486597021404      0.976628472727
       102.045983711       750.5      0.976588300386     -0.486655592843      0.976590870504
       105.144096503       760.9      0.976554885034     -0.486686925832      0.976557264402
       107.561982831       770.2      0.976533866794     -0.486692576174      0.976536104445
       110.319982391       779.5      0.976514033392     -0.486693784199      0.976516115983
       111.167341105       780.7       0.97650868564     -0.486694019634      0.976510721357
        115.83598151       790.6      0.976484851907     -0.486695145019      0.976486628581
       117.255836927       792.6      0.976479455678     -0.486695430029      0.976481152624
        118.59398107       796.1      0.976475156247     -0.486695674215      0.976476778017
        123.22395721       804.5       0.97646586083     -0.486696356365      0.976467230359
        124.10998019       807.6      0.976464962785     -0.486696464391      0.976466287059
        126.86797975       812.9      0.976463562667     -0.486696772272       0.97646475534
       129.278248448       816.4      0.976463653062      -0.48669702225      0.976464744085
       132.383978869       823.4      0.976464721754      -0.48669734966      0.976465703133
       135.141978429       828.8      0.976465758956     -0.486697667667      0.976466663675
         135.3273262       828.8      0.976465813791     -0.486697690303      0.976466714028
       137.899977989       834.6      0.976466210974      -0.48669802288      0.976467057089
       140.657977548       840.5      0.976465615273      -0.48669841854      0.976466418533
       141.415570121         842      0.976465225168     -0.486698534184      0.976466019085
       143.415977108         846      0.976463673555     -0.486698853179      0.976464447268
       146.173976668       851.4      0.976460217007     -0.486699322868      0.976460972308
       147.447984699       851.9      0.976458084706     -0.486699550329      0.976458834759
       148.931976228       856.2      0.976455167622     -0.486699822748      0.976455913884
       153.526282928       863.8      0.976443186866     -0.486700709042      0.976443935235
       154.447975347       866.5      0.976440254407     -0.486700893309       0.97644100542
       159.846832864       875.6       0.97641969309     -0.486702002215      0.976420471878
       159.963974467       876.4      0.976419185395     -0.486702026683      0.976419964992
       162.721974027       881.1      0.976406524016      -0.48670260529      0.976407324799
       165.479973586         886      0.976392576954     -0.486703185577      0.976393402542
       166.061650047         886      0.976389482108     -0.486703307732      0.976390313324
       168.237973146       890.8      0.976377461878     -0.486703762818      0.976378315204
       170.995972706       895.6      0.976361308551     -0.486704332335      0.976362191888
       172.450593123       897.3      0.976352417793     -0.486704628051      0.976353317659
       176.511971825         906      0.976326452309      -0.48670543029      0.976327399979
       178.686178333       909.2      0.976311985936     -0.486705842247      0.976312959701
       179.269971385       910.8      0.976308047742     -0.486705950457      0.976309028523
       182.027970945       915.4      0.976289196877     -0.486706446565      0.976290210621
       184.785970505       919.8       0.97627005417     -0.486706915616      0.976271100171
       185.216653721       919.8      0.976267048486     -0.486706986257      0.976268099425
       187.543970064       924.4      0.976250772258     -0.486707355212      0.976251849274
       190.301969624         929      0.976231499864     -0.486707763589      0.976232606154
       191.675745623       930.9      0.976221948381     -0.486707954981      0.976223068459
       195.817968744       938.3      0.976193547438     -0.486708482795      0.976194705261
       197.883149086       940.8      0.976179710144     -0.486708718271      0.976180884358
       201.333967863       947.6      0.976157239422     -0.486709071372      0.976158436973
       204.091967423         952        0.9761399837     -0.486709318394      0.976141195997
       204.348148579         952      0.976138416399     -0.486709339804      0.976139629882
       206.849966983       956.7      0.976123453737     -0.486709535635      0.976124677124
       209.607966543         961      0.976107729317     -0.486709724767      0.976108960034
       210.953495451       962.4       0.97610037104     -0.486709807399      0.976101603952
       212.365966102       965.5      0.976092877759     -0.486709887686      0.976094111998
       215.123965662       969.8      0.976078953982     -0.486710026449      0.976080187942
       217.535713917       972.3      0.976067572535     -0.486710129684      0.976068803175
       217.881965222         974      0.976066000784     -0.486710143212      0.976067230716
       220.639964782       978.3      0.976054049289     -0.486710240181      0.976055271542
       223.397964342       982.3      0.976043119407     -0.486710319584      0.976044330465
       224.383723133       982.3       0.97603946275     -0.486710344127      0.976040668984
       226.155963901       986.5      0.976033220211     -0.486710383649      0.976034416722
       231.424319508         994      0.976017161853     -0.486710471378      0.976018322018
        238.43609705        1004      0.976001392686     -0.486710539524      0.976002489629
         239.9459617        1007      0.975998786859     -0.486710549819      0.975999868374
        242.70396126        1011      0.975994699917     -0.486710566678       0.97599575193
       245.444426879        1014      0.975991452502     -0.486710582496      0.975992473804
        245.46196082        1015      0.975991434205     -0.486710582598      0.975992455306
       248.219960379        1019      0.975988926194     -0.486710599347       0.97598991533
       250.977959939        1022      0.975987106043     -0.486710618588      0.975988062525
       252.988125553        1024      0.975986169873     -0.486710635072      0.975987102338
       253.735959499        1026      0.975985898533     -0.486710641867      0.975986822049
       259.251958619        1033      0.975985000851     -0.486710706055      0.975985858973
       260.297575005        1033      0.975985016716     -0.486710721486      0.975985862706
       262.009958178        1036      0.975985144746     -0.486710749324      0.975985971152
       267.525957298        1043      0.975986200941     -0.486710862775      0.975986967486
       267.733119157        1043      0.975986254039     -0.486710867789      0.975987018451
       275.515160216        1051       0.97598844003     -0.486711098094      0.975989131963
       275.799955977        1053      0.975988516369      -0.48671110809      0.975989205959
       278.557955537        1057       0.97598919505     -0.486711210575      0.975989863173
       281.315955097        1061      0.975989723286     -0.486711323125      0.975990372227
       282.428515769        1061      0.975989881605     -0.486711371281      0.975990523469
       286.831954216        1069      0.975990124407     -0.486711576511      0.975990742022
       289.589953776        1071      0.975989912449     -0.486711716027      0.975990517915
       295.105952896        1080      0.975988502104     -0.486712016521      0.975989090062
       296.731338843        1081      0.975987814485     -0.486712109654      0.975988398936
       297.863952455        1084      0.975987258653      -0.48671217558      0.975987841085
       300.621952015        1087      0.975985636618     -0.486712339148      0.975986215532
       303.379951575        1091      0.975983628603     -0.486712506179      0.975984205883
       304.105120706        1091      0.975983036186     -0.486712550537      0.975983613333
       308.895950694        1098      0.975978452644     -0.486712846338      0.975979031758
       311.489070728        1100      0.975975496037     -0.486713007147      0.975976078092
       311.653950254        1102      0.975975297066     -0.486713017361      0.975975879348
       314.411949814        1106      0.975971779858     -0.486713187656      0.975972366598
       317.169949374        1110      0.975967919683     -0.486713356242         0.975968512
       318.666400383        1112      0.975965689749     -0.486713446662      0.975966285498
       319.927948934        1114        0.9759637398     -0.486713522175      0.975964338637
       322.685948493        1118      0.975959267758     -0.486713684556      0.975959873874
       325.799945113        1122      0.975953906858     -0.486713862581      0.975954521866
       328.201947613        1126      0.975949576234     -0.486713995376      0.975950198419
       330.959947173        1130      0.975944428925     -0.486714142326      0.975945059509
