# Ovr(Phi.Eta.Rn.Rn)
# H0
# Exp0
# P1[0]
# P1[1]
# P1[2]
# P1[3]
# P1[4]
# P1[5]
# P1[6]
# P1[7]
# P1[8]
# P1[9]
#      Time            CPU <Ovr(Phi.Eta.Rn.Rn)>                <H0>              <Exp0>             <P1[0]>             <P1[1]>             <P1[2]>             <P1[3]>             <P1[4]>             <P1[5]>             <P1[6]>             <P1[7]>             <P1[8]>             <P1[9]>
      -220.639964782           0                   1     -0.499999999998                   1                   1   6.34912396912e-23   9.39963783972e-23   4.73229608275e-21   2.75799078395e-21  -7.63270262601e-20   5.57164617663e-22   1.89367531366e-21  -5.20297581691e-23  -7.53330451031e-21
      -202.639964782   6.162e-06      0.999999999276     -0.499912820197      0.999999999276      0.999824625987   9.88363572619e-05   5.01617324697e-09    2.0314915838e-09   2.03393307589e-05   1.09052648729e-09   3.07152607719e-14   2.23441073296e-09   1.07362985839e-05   2.78535341944e-10
      -193.059969184      0.6209      0.999999998726     -0.499348338527      0.999999998727      0.998692810177   0.000727016001903   4.22543049514e-07   1.42392610496e-07   0.000152167736406    7.7493877039e-08   3.26940936548e-11   1.41281410356e-07   8.22085048431e-05    1.9352452556e-08
      -184.779969184      0.6209      0.999999997911     -0.498505912943      0.999999997913       0.99698534238    0.00170236607093   2.50221173773e-06   8.15607803706e-07   0.000344570475503   4.18844320317e-07   4.37515174555e-10   8.14873479947e-07   0.000184171016736   9.85332503285e-08
      -166.779969184      0.6209      0.999999996126     -0.499806579147      0.999999996128      0.999554719175   0.000313237072594   4.40214317207e-07   8.29760428682e-08   4.68522594607e-05   3.68692521771e-08     7.807817953e-11   7.51513752664e-08   2.20147826083e-05   4.99817003507e-09
      -165.479973587       1.269      0.999999996036     -0.499853883399      0.999999996038      0.999649428993   0.000260539086969   4.18600807102e-07   7.40849344588e-08   3.59656108428e-05   3.42214543871e-08   7.21399980408e-11   6.59740774457e-08   1.60832031586e-05   4.53456992613e-09
      -148.919973587       1.414      0.999999995182     -0.483120459091      0.999999995184      0.966674947089      0.017599069576   0.000271894435731   8.67839131076e-05    0.00376412972696    4.9568809252e-05   5.30624945847e-07   8.84578156387e-05    0.00205854186564   1.21819893159e-05
      -137.899977989       1.909      0.999999994442      -0.45684060451      0.999999994443      0.917686355952     0.0386123721932    0.00158441271748   0.000438503068752     0.0091121903065   0.000318940128118   6.13766862604e-06   0.000483445458111    0.00515900819431   8.12335990341e-05
      -131.059977989       1.909       0.99999999384     -0.451005333784      0.999999993841      0.907263031605     0.0423387902427    0.00199813739931   0.000520594535703     0.0101790482968    0.00041552779191   7.25689688021e-06   0.000591390204427    0.00582443625307   0.000106743756749
      -113.059977989       1.909      0.999999991633     -0.495745188088      0.999999991636      0.990732508645    0.00595513594631    8.3016187244e-05   2.47004571696e-05   0.000981683869113     6.926343752e-06   2.56118382564e-07   1.80432316176e-05    0.00047396740578   1.07694634597e-06
      -110.319982391       2.534      0.999999991293     -0.498223087557      0.999999991297      0.995707353255    0.00319181537004   6.32642209413e-05    1.5904893266e-05   0.000414013095726   4.50035846387e-06   1.87645357706e-07   1.02420040643e-05   0.000172400730416   6.01833244495e-07
      -95.1999823911       2.534      0.999999948277     -0.402963181162      0.999999948487      0.824111958957     0.0682214615268    0.00648310264058    0.00163517971998      0.018435278484    0.00139400025675    6.7337183514e-05    0.00192693476682     0.0106765750562   0.000361074934177
      -82.7399867934       3.172      0.999998621524      -0.28372489042      0.999998624902      0.662986843834     0.0824002257067     0.0165184021134    0.00260411499974     0.0267280077378    0.00468773979543   0.000109172605503    0.00364844376064     0.0176904400392    0.00142778990424
      -77.3399867934       3.172      0.999997077129     -0.282879307245      0.999997082434      0.661531659356     0.0824019462056     0.0166467954817    0.00254934773163     0.0266641951703    0.00479553053938   8.76635233172e-05     0.0036716627993     0.0181555602967     0.0014733506105
      -59.3399867934       3.392       0.99999526535     -0.476652202618      0.999995269041      0.950703154771     0.0287084345394    0.00124876589839   0.000430704137285    0.00536220977533     0.0001408211632    1.1949504949e-05   0.000389010866968    0.00257676510503   2.00391372774e-05
      -55.1599911957       3.802      0.999995712987     -0.493737750642      0.999995715952      0.984676649595     0.0112498615659   0.000682698093121   0.000211953162143    0.00130163264865   5.69473930063e-05    7.5176779402e-06   0.000156382451809   0.000434019297687   5.30611993559e-06
      -41.4799911957       3.802      0.999962203827      -0.30665762744      0.999962285028      0.680725958833     0.0822079612991     0.0169906815484    0.00294971994742     0.0321251226968    0.00507724254665   0.000591942592353    0.00490289736905     0.0181152790706    0.00125642936981
       -27.579995598       4.436      0.999477825026    -0.0830905991061      0.999478367338      0.470117456273     0.0686876111831     0.0261503317283    0.00236842499234     0.0257925710103    0.00902170199496   4.96138381954e-05    0.00395599512543     0.0207972973336    0.00324303275618
       -23.619995598       4.436      0.999302086945    -0.0962466308896      0.999302594193      0.477748732133     0.0696852088492     0.0257611741411    0.00265038679391     0.0265578430519    0.00864625087618    0.00011443619292    0.00387298195405     0.0193936243263    0.00293946842376
      -5.61999559796       4.436      0.999084461193     -0.444239341931      0.999084747974      0.887866962699     0.0550435802926    0.00388182993402     0.0013216379562     0.0126213868117   0.000637727067111   5.17976149236e-05    0.00146156669669    0.00650623614091   0.000100990877199
   -2.4386537234e-10        5.08      0.999142324449      -0.48848399277      0.999142558016      0.972824154475     0.0181170795028    0.00144108153369   0.000556475558833    0.00215319946307   0.000152196301426   3.25876736846e-05   0.000508687549584   0.000652597211913   1.14095186172e-05
       12.2399999998        5.08      0.998907092429     -0.304636392786       0.99890779953      0.673973037618     0.0795238186479     0.0189186128408    0.00449911313538     0.0370592088717    0.00509265304957    0.00150921584479    0.00438173106304     0.0179308998472    0.00141214508408
       27.5799955975       5.703       0.99606994965    -0.0856412799785      0.996071709248      0.469709427349     0.0675729865917     0.0261341260471    0.00257210923896     0.0243824251378    0.00880441391993   8.85241520348e-05    0.00388979701065     0.0207772910287    0.00331768876248
       30.0999955975       5.703      0.995676601122    -0.0984558277594      0.995678573707      0.475549266961      0.071398308086     0.0255470467571    0.00237425465499     0.0270373413753    0.00873943874076    0.00032720507312    0.00340839699714     0.0180369236887    0.00285734639512
       48.0999955975       5.703      0.994859321256     -0.434153956338       0.99486013443      0.871785887375     0.0568060046328    0.00346203166649    0.00188878789016     0.0149201358179   0.000688062142987   3.52811919304e-06    0.00130852683395    0.00683622408205   7.76772307522e-05
       55.1599911952       6.346      0.995026717545     -0.488790157127      0.995027369808      0.975422344664      0.013114188001   0.000707970203874   0.000529235103064    0.00110746409337   5.57820326237e-05   4.76076859792e-05   0.000292301093531   0.000389650991778  -1.75164639753e-06
       65.9599911952       6.346      0.994969961586     -0.394183949262      0.994970786802      0.806113828633      0.068382487099    0.00898826823185     0.0023662755367     0.0235677886361    0.00130155482717   0.000416042744832    0.00193799705926     0.0110847657366   0.000437116193723
       82.7399867929       6.989      0.993198961864     -0.280904474004      0.993200754985      0.652841620408     0.0842421704869     0.0173346119527    0.00234306908682     0.0285677713544    0.00583827492266   0.000306034803965    0.00290204244742     0.0202838328044    0.00177192812934
       83.8199867929       6.989       0.99309911852     -0.283776402073       0.99310061498       0.65640699228     0.0834551149474     0.0163173122081    0.00277614800115     0.0265805835322    0.00533549293104   0.000147494762084    0.00270426161919     0.0208914467839    0.00190981787656
       101.819986793       7.346      0.992518502861     -0.461994962321      0.992519210296      0.925517445698     0.0326878228974    0.00063182478371   0.000694936045058    0.00833577651803   0.000143656269912   0.000127849983973   0.000291365879084    0.00321943941302   3.94788172142e-05
       110.319982391       7.616      0.992482814641     -0.493841329071       0.99248345833       0.98724203125    0.00294629328944   7.42386043222e-05   0.000341739281291   0.000120834213469   2.14337027726e-06   0.000114261432648   3.52387273983e-06   0.000233352273517   2.80504461331e-06
       119.679982391       7.616      0.992468982589     -0.471611019072      0.992469419852      0.943149251577       0.02549040877    0.00101096472712   0.000349975717483    0.00614260569193   0.000144422751804    6.8647345546e-05   0.000308696845281    0.00223581435676   1.91483425799e-05
       137.679982391       7.616      0.992150218131     -0.451628904853      0.992150781801      0.906596874308     0.0400709552345    0.00198841827641   0.000117755717572    0.00964789960334   0.000230755630312   0.000108497597249    0.00111218292915    0.00542043161638   7.29076162652e-05
       137.899977988       8.257      0.992141667674     -0.452054536987      0.992142225136      0.907453571208     0.0394502242953    0.00200402491408   0.000121923175121    0.00965331548461   0.000240138870343    0.00011259345245     0.0010557068222    0.00543083839171   8.39999323042e-05
       155.539977988       8.257      0.991768611293      -0.48976389596      0.991768965889      0.979682080261    0.00544375978128    0.00011756079891   0.000222585943024     0.0015416746154   9.02979178914e-05   2.44392063709e-05   2.37063607331e-06   0.000841545545881    1.0309872167e-05
       165.479973586       8.895      0.991664509674     -0.495354994103      0.991664795897      0.990621460636   0.000211559838803   0.000141021906326   0.000221306909641   3.59754765167e-05   9.58634556029e-05   1.69710371278e-05   4.30341433105e-06   3.03905379687e-05  -1.32676894411e-07
       173.399973586       8.895      0.991619401896     -0.493684952027       0.99161961009      0.987016049657    0.00232494376109   0.000168132776933   0.000193257217375     0.0005335780929   9.51878672335e-05    1.9590318885e-05   2.26687431161e-06   0.000244765369163   5.44292563601e-07
       191.399973586       9.326      0.991585647958     -0.494294363268      0.991585783093      0.988273197093     0.0019100511375   0.000181320125903   0.000140707063861   0.000275525592114   0.000101934560627   3.57648562309e-05   3.13993594754e-06   4.97946887603e-05    4.4560496762e-06
       193.059969184        9.52      0.991582218621     -0.494539554217      0.991582361622      0.988826870259     0.0015348195016   0.000179678796298   0.000141778946702    0.00012613917742   0.000101847150237   3.67884917251e-05   5.04394076745e-06   5.18925520734e-05   4.39953770083e-06
       209.259969184        9.52      0.991522446676       -0.4953645424      0.991522629988      0.990605404802   0.000243205308059   0.000165558746715   0.000147470147173   2.41182380084e-05   0.000110065974969   4.01868540862e-05   6.02187714773e-06   1.04466924702e-05   7.51345159138e-06
       220.639964782       10.17      0.991495777981     -0.495391684218      0.991495898316      0.990671424196    0.00017524030811   0.000165636409042   0.000148016138798   3.33735657917e-05    0.00010992263458   4.21266144578e-05   7.66964380825e-06    5.6093138415e-06   9.34301101742e-06
