# Ovr(Phi.Eta.Rn.Rn)
# H0
# Exp0
#      Time            CPU <Ovr(Phi.Eta.Rn.Rn)>                <H0>              <Exp0>
      -2964.94393343           0                   1                -0.5                   1
      -2954.94393343   5.573e-06      0.999999999322     -0.499999999661      0.999999999322
      -2944.94393343   5.573e-06      0.999999998644     -0.499999999322      0.999999998644
      -2934.96393783      0.8368      0.999999997969     -0.499999998984      0.999999997969
      -2924.96393783       1.018      0.999999997291     -0.499999998645      0.999999997291
      -2914.96393783       1.018      0.999999996613     -0.499999998306      0.999999996613
      -2904.98394223       1.713      0.999999995938     -0.499999997969      0.999999995938
      -2894.98394223       1.713       0.99999999526      -0.49999999763       0.99999999526
      -2884.98394223       1.713      0.999999994582     -0.499999997291      0.999999994582
      -2875.00394664       2.581      0.999999993907     -0.499999996953      0.999999993907
      -2865.00394664       3.012      0.999999993229     -0.499999996614      0.999999993229
      -2855.00394664       3.012       0.99999999255     -0.499999996275       0.99999999255
      -2845.02395104       3.423      0.999999991876     -0.499999995938      0.999999991876
      -2835.02395104       3.423      0.999999991197     -0.499999995599      0.999999991197
      -2825.04395544       4.288      0.999999990523     -0.499999995261      0.999999990523
      -2815.04395544       4.288      0.999999989844     -0.499999994922      0.999999989844
      -2805.04395544       4.288      0.999999989166     -0.499999994583      0.999999989166
      -2795.06395984       5.154      0.999999988491     -0.499999994246      0.999999988491
      -2785.06395984       5.154      0.999999987813     -0.499999993906      0.999999987813
      -2775.06395984       5.154      0.999999987135     -0.499999993567      0.999999987135
      -2765.08396425       5.998       0.99999998646      -0.49999999323       0.99999998646
      -2755.08396425       5.998      0.999999985782     -0.499999992891      0.999999985782
      -2745.08396425       5.998      0.999999985104     -0.499999992552      0.999999985104
      -2735.10396865       6.995      0.999999984429     -0.499999992214      0.999999984429
      -2725.10396865       6.995      0.999999983751     -0.499999991875      0.999999983751
      -2715.12397305       7.724      0.999999983076     -0.499999991538      0.999999983076
      -2705.12397305       7.724      0.999999982398     -0.499999991199      0.999999982398
      -2695.12397305       7.724       0.99999998172      -0.49999999086       0.99999998172
      -2685.14397745       8.559      0.999999981045     -0.499999990522      0.999999981045
      -2675.14397745       8.559      0.999999980367     -0.499999990183      0.999999980367
      -2665.14397745       8.991      0.999999979689     -0.499999989844      0.999999979689
      -2655.16398186       9.427      0.999999979014     -0.499999989507      0.999999979014
      -2645.16398186       9.427      0.999999978336     -0.499999989168      0.999999978336
      -2635.16398185       9.427      0.999999977658     -0.499999988828      0.999999977658
      -2625.18398626       10.29      0.999999976983      -0.49999998849      0.999999976983
      -2615.18398626       10.29      0.999999976305     -0.499999988151      0.999999976305
      -2605.20399066       11.17       0.99999997563     -0.499999987814       0.99999997563
      -2595.20399066       11.17      0.999999974952     -0.499999987476      0.999999974952
      -2585.20399066       11.17      0.999999974274     -0.499999987136      0.999999974274
      -2575.22399506       12.07      0.999999973599     -0.499999986793      0.999999973599
      -2565.22399506       12.07      0.999999972921     -0.499999986447      0.999999972921
      -2555.22399506       12.07      0.999999972243     -0.499999986107      0.999999972243
      -2545.24399946       12.98      0.999999971568     -0.499999985778      0.999999971568
      -2535.24399946       12.98       0.99999997089     -0.499999985443       0.99999997089
      -2525.24399946       12.98      0.999999970211     -0.499999985081      0.999999970211
      -2515.26400387        13.9      0.999999969537     -0.499999984692      0.999999969537
      -2505.26400387        13.9      0.999999968858     -0.499999984318      0.999999968858
      -2495.28400827       14.81      0.999999968184     -0.499999984014      0.999999968184
      -2485.28400827       14.96      0.999999967505     -0.499999983742      0.999999967505
      -2475.28400827       14.96      0.999999966827     -0.499999983364      0.999999966827
      -2465.30401267       15.74      0.999999966152     -0.499999982782      0.999999966152
      -2455.30401267       15.74      0.999999965474     -0.499999982145      0.999999965474
      -2445.30401267       15.74      0.999999964796     -0.499999981794      0.999999964796
      -2435.32401707       16.66      0.999999964121     -0.499999981821      0.999999964121
      -2425.32401707       16.96      0.999999963443     -0.499999981688      0.999999963443
      -2415.32401707       16.96      0.999999962765     -0.499999980635      0.999999962765
      -2405.34402148       17.57       0.99999996209     -0.499999978776       0.99999996209
      -2395.34402148       17.57      0.999999961412     -0.499999977527      0.999999961412
      -2385.36402588       18.51      0.999999960737     -0.499999978202      0.999999960737
      -2375.36402588       18.51      0.999999960059     -0.499999979719      0.999999960059
      -2365.36402588       18.95      0.999999959381     -0.499999978637      0.999999959381
      -2355.38403028       19.47      0.999999958706     -0.499999973096      0.999999958706
      -2345.38403028       19.47      0.999999958028      -0.49999996676      0.999999958028
      -2335.38403028       19.47       0.99999995735     -0.499999966552       0.99999995735
      -2325.40403468       20.44      0.999999956675     -0.499999973535      0.999999956675
      -2315.40403468       20.95      0.999999955997     -0.499999977494      0.999999955997
      -2305.40403468       20.95      0.999999955319     -0.499999965826      0.999999955319
      -2295.42403908       21.37      0.999999954644     -0.499999941761      0.999999954644
      -2285.42403908       21.37      0.999999953966     -0.499999928258      0.999999953966
      -2275.44404349       21.37      0.999999953291     -0.499999943866      0.999999953291
      -2265.44404349       22.33      0.999999952613     -0.499999971285      0.999999952613
      -2255.44404349       22.94      0.999999951935     -0.499999963403      0.999999951935
      -2245.46404789       23.27       0.99999995126     -0.499999898646       0.99999995126
      -2235.46404789       23.27      0.999999950582       -0.4999998263      0.999999950582
      -2225.46404789       23.27      0.999999949903     -0.499999829487      0.999999949903
      -2215.48405229       24.24      0.999999949229     -0.499999916252      0.999999949229
      -2205.48405229       24.24       0.99999994855     -0.499999969538       0.99999994855
      -2195.48405229       24.93      0.999999947872     -0.499999857187      0.999999947872
      -2185.50405669       25.18      0.999999947197     -0.499999620732      0.999999947197
      -2175.50405669       25.18      0.999999946519     -0.499999494107      0.999999946519
      -2165.50405669       25.18      0.999999945841     -0.499999651447      0.999999945841
       -2155.5240611       26.15      0.999999945166     -0.499999919609      0.999999945166
       -2145.5240611       26.15      0.999999944488     -0.499999873228      0.999999944488
       -2135.5440655       27.11      0.999999943813     -0.499999335952      0.999999943813
       -2125.5440655       27.11      0.999999943135     -0.499998741616      0.999999943135
       -2115.5440655       27.11      0.999999942457     -0.499998774363      0.999999942457
       -2105.5640699       28.07      0.999999941782     -0.499999480805      0.999999941782
       -2095.5640699       28.07      0.999999941104     -0.499999938126      0.999999941104
       -2085.5640699       28.07      0.999999940426     -0.499999159806      0.999999940426
       -2075.5840743       29.02      0.999999939751     -0.499997481144      0.999999939751
       -2065.5840743       29.02      0.999999939073     -0.499996592212      0.999999939073
       -2055.5840743       29.02      0.999999938395     -0.499997689079      0.999999938395
      -2045.60407871       29.98       0.99999993772     -0.499999564793       0.99999993772
      -2035.60407871       29.98      0.999999937042     -0.499999399903      0.999999937042
      -2025.62408311       30.94      0.999999936367     -0.499996092187      0.999999936367
      -2015.62408311       30.94      0.999999935689     -0.499992420563      0.999999935689
      -2005.62408311       30.94      0.999999935011     -0.499992600609      0.999999935011
      -1995.64408751        31.9      0.999999934336     -0.499996875048      0.999999934336
      -1985.64408751        31.9      0.999999933658     -0.499999788628      0.999999933658
      -1975.64408751        31.9      0.999999932979      -0.49999568919      0.999999932979
      -1965.66409191        32.9      0.999999932304     -0.499986519425      0.999999932304
      -1955.66409191        32.9      0.999999931626     -0.499981624954      0.999999931626
      -1945.66409191        32.9      0.999999930948     -0.499987447259      0.999999930948
      -1935.68409631       33.84      0.999999930273     -0.499997581511      0.999999930273
      -1925.68409631       33.84      0.999999929595     -0.499997426862      0.999999929595
      -1915.70410072       34.81       0.99999992892     -0.499981408056       0.99999992892
      -1905.70410072       34.89      0.999999928242     -0.499963389882      0.999999928242
      -1895.70410072       34.89      0.999999927563     -0.499963996906      0.999999927563
      -1885.72410512       35.77      0.999999926888     -0.499984449608      0.999999926888
      -1875.72410512       35.77       0.99999992621      -0.49999912491       0.99999992621
      -1865.72410512       35.77      0.999999925532     -0.499981865556      0.999999925532
      -1855.74410952       36.89      0.999999924857     -0.499941375635      0.999999924857
      -1845.74410952       36.89      0.999999924178     -0.499919316173      0.999999924178
      -1835.74410952       36.89      0.999999923499     -0.499944140228      0.999999923499
      -1825.76411392       37.71      0.999999922824     -0.499988563543      0.999999922824
      -1815.76411392       37.71      0.999999922146     -0.499990754371      0.999999922146
      -1805.78411833       38.64      0.999999921471     -0.499927054233      0.999999921471
      -1795.78411833       38.88      0.999999920792     -0.499853913785      0.999999920792
      -1785.78411833       38.88      0.999999920113     -0.499854815316      0.999999920113
      -1775.80412273       39.63      0.999999919437     -0.499935530178      0.999999919437
      -1765.80412273       39.63      0.999999918758     -0.499996463094      0.999999918758
      -1755.80412273       39.63       0.99999991808     -0.499936230728       0.99999991808
      -1745.82412713       40.58      0.999999917404     -0.499786446096      0.999999917404
      -1735.82412713       40.87      0.999999916724     -0.499702442901      0.999999916724
      -1725.82412713       40.87      0.999999916044     -0.499790661827      0.999999916044
      -1715.84413153       41.57      0.999999915368     -0.499954249288      0.999999915368
      -1705.84413153       41.57       0.99999991469     -0.499971923326       0.99999991469
      -1695.86413593       42.54      0.999999914014     -0.499757308539      0.999999914014
      -1685.86413593       42.87      0.999999913333     -0.499504326172      0.999999913333
      -1675.86413593       42.87       0.99999991265     -0.499501022496       0.99999991265
      -1665.88414034       43.53      0.999999911973     -0.499771859186      0.999999911973
      -1655.88414034       43.53      0.999999911294     -0.499986831953      0.999999911294
      -1645.88414034       43.53      0.999999910615     -0.499807956875      0.999999910615
      -1635.90414474       44.49      0.999999909937     -0.499331287354      0.999999909937
      -1625.90414474       44.86      0.999999909252     -0.499054530348      0.999999909252
      -1615.90414474       44.86      0.999999908568      -0.49932298417      0.999999908568
      -1605.92414914       45.49      0.999999907889     -0.499842262255      0.999999907889
      -1595.92414914       45.49      0.999999907211     -0.499926558779      0.999999907211
      -1585.94415354       45.49      0.999999906534     -0.499299447247      0.999999906534
      -1575.94415354       46.45      0.999999905846     -0.498537029036      0.999999905846
      -1565.94415354       46.86      0.999999905156     -0.498505667591      0.999999905156
      -1555.96415795       47.44      0.999999904472     -0.499296166562      0.999999904472
      -1545.96415795       47.44      0.999999903792     -0.499955447478      0.999999903792
      -1535.96415795       47.44      0.999999903112     -0.499494680535      0.999999903112
      -1525.98416235       48.42      0.999999902429     -0.498163266738      0.999999902429
      -1515.98416235       48.85      0.999999901732     -0.497359952079      0.999999901732
      -1505.98416235       48.85      0.999999901034     -0.498073717593      0.999999901034
      -1496.00416675        49.4       0.99999990035     -0.499522709377       0.99999990035
      -1486.00416675        49.4      0.999999899671     -0.499831628635      0.999999899671
      -1476.00416675        49.4      0.999999898987     -0.498209257358      0.999999898987
      -1466.02417115        50.4      0.999999898288     -0.496177147607      0.999999898288
      -1456.02417115       50.84      0.999999897578     -0.496032572607      0.999999897578
      -1446.04417556        51.4      0.999999896879     -0.498074802716      0.999999896879
      -1436.04417556        51.4      0.999999896194     -0.499863438146      0.999999896194
      -1426.04417556        51.4      0.999999895513     -0.498819740482      0.999999895513
      -1416.06417996       52.39      0.999999894817     -0.495504639089      0.999999894817
      -1406.06417996       52.84      0.999999894091     -0.493421004161      0.999999894091
      -1396.06417996       52.84      0.999999893363     -0.495104787652      0.999999893363
      -1386.08418436       53.39      0.999999892665     -0.498713419112      0.999999892665
      -1376.08418436       53.39      0.999999891984     -0.499656595129      0.999999891984
      -1366.08418436       53.39      0.999999891291     -0.495909253342      0.999999891291
      -1356.10418876       54.37      0.999999890563     -0.491032889136      0.999999890563
      -1346.10418876       54.83      0.999999889805     -0.490534446326      0.999999889805
      -1336.12419316       55.35      0.999999889069       -0.4952683006      0.999999889069
      -1326.12419316       55.35      0.999999888374      -0.49962039904      0.999999888374
      -1316.12419316       55.35      0.999999887692     -0.497522200278      0.999999887692
      -1306.14419757       56.33      0.999999886968       -0.4900736651      0.999999886968
      -1296.14419757       56.33       0.99999988618     -0.485189327061       0.99999988618
      -1286.14419757       56.82      0.999999885386     -0.488755360875      0.999999885386
      -1276.16420197       57.32      0.999999884655     -0.496872814811      0.999999884655
      -1266.16420197       57.32      0.999999883969     -0.499368378081      0.999999883969
      -1256.16420197       57.32      0.999999883261     -0.491534234711      0.999999883261
      -1246.18420637        58.3      0.999999882468     -0.480910634914      0.999999882468
      -1236.18420637       58.82      0.999999881606      -0.47948677258      0.999999881606
      -1226.20421077        59.3      0.999999880792     -0.489438467294      0.999999880792
      -1216.20421077        59.3      0.999999880074     -0.499039795895      0.999999880074
      -1206.20421077        59.3      0.999999879384     -0.495277213869      0.999999879384
      -1196.22421518       60.29      0.999999878602     -0.480027594881      0.999999878602
      -1186.22421518       60.29      0.999999877668     -0.469585897837      0.999999877667
      -1176.22421518       60.81      0.999999876711     -0.476428144244      0.999999876711
      -1166.24421958       61.29      0.999999875904     -0.493078144167      0.999999875904
      -1156.24421958       61.29      0.999999875207     -0.498937518217      0.999999875207
      -1146.24421958       61.29      0.999999874434     -0.483983414957      0.999999874433
      -1136.26422398       62.27      0.999999873354     -0.462793868086      0.999999873353
      -1126.26422398       62.81       0.99999987194     -0.459266759396      0.999999871939
      -1116.28422838       63.27      0.999999870799     -0.478406844305      0.999999870798
      -1106.28422838       63.27      0.999999870028     -0.497778917081      0.999999870027
      -1096.28422838       63.27      0.999999869295     -0.491759318657      0.999999869293
      -1086.30423279       64.27      0.999999867805     -0.463086613662      0.999999867799
      -1076.30423279       64.27      0.999999863479     -0.442583116397      0.999999863467
      -1066.30423279        64.8      0.999999859384     -0.454555855666      0.999999859375
      -1056.32423719       65.26      0.999999857715      -0.48593378718      0.999999857706
      -1046.32423719       65.26      0.999999857056      -0.49833729478      0.999999857047
      -1036.32423719       65.26      0.999999855491     -0.472087347954      0.999999855473
      -1026.34424159       66.24      0.999999840904     -0.433138006434      0.999999840829
      -1016.34424159       66.79      0.999999807654     -0.425357441276      0.999999807575
      -1006.36424599       67.21      0.999999793639      -0.45929126453      0.999999793568
      -996.364245992       67.21      0.999999786963     -0.495271457385       0.99999978689
      -986.364245992       67.21      0.999999787428     -0.486744074038      0.999999787348
      -976.384250394       68.19      0.999999763806     -0.436893973747       0.99999976358
      -966.384250394       68.19      0.999999564568     -0.399729156056      0.999999563972
      -956.384250394       68.79      0.999999412849     -0.418886301972      0.999999412351
      -946.404254796       69.15         0.999999315     -0.473585619596      0.999999314491
      -936.404254796       69.15      0.999999308284     -0.497521129387      0.999999307883
      -926.404254796       69.15      0.999999298267     -0.454902714252      0.999999297596
      -916.424259199       70.14      0.999998747202     -0.388596298246      0.999998744364
      -906.424259199       70.14      0.999997511498     -0.373101200712      0.999997508745
      -896.444263601       70.78      0.999996705127     -0.428853859053      0.999996702299
      -886.444263601       71.12      0.999996517158     -0.490670068413      0.999996515442
      -876.444263601       71.12      0.999996711017     -0.480228124831      0.999996709443
      -866.464268003       72.11      0.999996299334     -0.399555755673      0.999996294342
      -856.464268003       72.11      0.999990746338     -0.337329194603      0.999990733474
      -846.464268003       72.78      0.999986342556     -0.365145956285      0.999986328614
      -836.484272406        73.1      0.999984301372     -0.453998799613       0.99998429275
      -826.484272406        73.1       0.99998477277     -0.496351920916      0.999984765026
      -816.484272406        73.1      0.999985154156     -0.432141053985      0.999985146809
      -806.504276808       74.06      0.999975501892     -0.326865761359      0.999975460383
      -796.504276808       74.06      0.999957009246      -0.29875324526      0.999956961307
      -786.504276808       74.77      0.999943557136     -0.384157943727      0.999943524724
       -776.52428121       75.05      0.999941033122     -0.482790398216      0.999940999591
       -766.52428121       75.05      0.999944278137     -0.472425614794      0.999944244423
      -756.544285612          76      0.999935461843     -0.350248682445      0.999935388266
      -746.544285612          76      0.999867267503     -0.253341136774      0.999867141116
      -736.544285612       76.76      0.999801408827     -0.290012306866      0.999801307909
      -726.564290015       76.99      0.999778828577     -0.425371254616      0.999778726233
      -716.564290015       76.99      0.999780507178     -0.494459469751      0.999780431653
      -706.564290015       76.99      0.999783833738      -0.40440821036      0.999783740979
      -696.584294417       77.97      0.999677626584     -0.246791323116      0.999677258733
      -686.584294417       77.97      0.999492969701     -0.202531692752      0.999492611561
      -676.584294417       78.75      0.999371005619     -0.322074424735      0.999370690985
      -666.604298819       78.95      0.999351229959     -0.469921537943      0.999351040536
      -656.604298819       78.95      0.999381849221     -0.463406058918      0.999381670338
      -646.624303222       79.94      0.999298919005     -0.290654838301      0.999298414251
      -636.624303222       79.94      0.998868291627     -0.148461596963      0.998867230226
      -626.624303222       79.94      0.998448617216     -0.194596718146      0.998447825542
      -616.644307624       80.92       0.99830230209     -0.386263213437      0.998301744642
      -606.644307624       80.92      0.998302205057     -0.490813152031      0.998301644386
      -596.644307624       80.92      0.998325934663     -0.373431671952      0.998325295024
      -586.664312026       81.91      0.997627656451     -0.152130157651       0.99762631451
      -576.664312026       81.91      0.996712178414    -0.0889396269747      0.996710322022
      -566.664312026       82.74       0.99608082925     -0.242608008406      0.996079495879
      -556.684316428       82.85      0.995971239636     -0.449572819698      0.995970514426
      -546.684316428       82.85      0.996093963849      -0.45269333734       0.99609314351
      -536.704320831        83.8      0.995725181111     -0.224773249228      0.995722789468
      -526.704320831        83.8       0.99379217445    -0.0288076167131      0.993789118139
      -516.704320831        83.8      0.992510764725      -0.08483087614      0.992508456411
      -506.724325233       84.79      0.991878389597      -0.33739922508      0.991876783882
      -496.724325233       84.79       0.99193736284     -0.481917349856      0.991935817003
      -486.724325233       84.79      0.991805009957     -0.337905748403      0.991803371242
      -476.744329635       85.77      0.989570220156    -0.0514985807414      0.989564137949
      -466.744329635       85.77       0.98527483997     0.0372852653322      0.985268722857
      -456.744329635       85.77      0.983318152513     -0.145912354695      0.983314315553
      -446.764334038       86.77      0.982785907654     -0.420572334824      0.982782565419
      -436.764334038       86.77      0.983301881925     -0.437437943301      0.983298532885
       -426.78433844       87.75      0.981790702892     -0.157865543445       0.98178267065
       -416.78433844       87.75      0.976138866482     0.0924812583038      0.976130031892
       -406.78433844       87.75      0.971684342239     0.0296625641549      0.971677659129
      -396.804342842       88.72      0.970184868979     -0.274378334819      0.970179863083
      -386.804342842       88.72      0.970382414587     -0.462415613382      0.970377401145
      -376.804342842       88.72      0.969435894426     -0.306551297939      0.969427840271
      -366.824347244       89.68      0.965081527762     0.0386129655254      0.965069386428
      -356.824347244       89.68      0.956785343538      0.160683469251      0.956771350525
      -346.824347244       89.68       0.95150674661     -0.052870502745      0.951497269525
      -336.844351647       90.71       0.95048230469     -0.379135164076      0.950475893657
      -326.844351647       90.71      0.951244042362     -0.414927180123      0.951235147289
      -316.864356049       91.65      0.948063557548     -0.104450744603      0.948047291773
      -306.864356049       91.65      0.939089462741      0.201369000187      0.939072599056
      -296.864356049       91.65      0.931325063377      0.126732106212      0.931313296784
      -286.884360451        92.6      0.928092857274     -0.209482507761      0.928085643674
      -276.884360451       92.71      0.928569545147     -0.429790418101      0.928563175366
      -266.884360451       92.71      0.927083618319      -0.26884994242      0.927074328264
      -256.904364853       93.58      0.917062576488       0.11150091414      0.917038337882
      -246.904364853       93.58      0.901685666487      0.244458118473      0.901668559581
      -236.904364853       93.58      0.893408881292     0.0352707679045      0.893396968893
      -226.924369256        94.7      0.892487256054     -0.328253605767      0.892477450311
      -216.924369256        94.7      0.893336838916     -0.382807991426      0.893326303443
      -206.944373658        94.7      0.886827793012    -0.0671450939018      0.886802918423
      -196.944373658       95.56      0.869973933274       0.26316630029      0.869949234069
      -186.944373658       95.56       0.85660714439      0.191691552256      0.856588645915
       -176.96437806       96.55      0.852907750474     -0.138291424443      0.852890153463
       -166.96437806       96.69       0.85271835347     -0.385647332545      0.852708869567
       -156.96437806       96.69      0.851527075099     -0.246146333435      0.851500901797
      -146.984382463       97.53      0.838735419639      0.144125607827      0.838711810824
      -136.984382463       97.53      0.824336437064      0.292285221487      0.824315025328
      -126.984382463       97.53      0.813894032957     0.0861876814381      0.813876090878
      -117.004386865       98.69      0.812603292585     -0.274334534985      0.812586257281
      -107.004386865       98.69      0.813580270004     -0.345610843541      0.813560647699
      -97.0043868649       98.69      0.804848127991    -0.0501854986016      0.804818934556
      -87.0243912672       99.47       0.78613655393      0.278990152386      0.786111887904
      -77.0243912672       99.47      0.773166159417      0.215078137256      0.773148327388
      -67.0443956695       100.4      0.767551544262    -0.0919594755634      0.767542520575
      -57.0443956695       100.7      0.767553382399     -0.342067838344      0.767539712565
      -47.0443956695       100.7      0.765966832409     -0.221473180018      0.765952838155
      -37.0644000717       101.4      0.750579634202      0.140845061119      0.750557153277
      -27.0644000717       101.4      0.736352551478      0.288476729756      0.736328531343
      -17.0644000717       101.4      0.723444615036      0.106558771184      0.723428246979
      -7.08440447401       102.4      0.721943111044     -0.233293243829      0.721933325295
       2.91559552599       102.7      0.722905057952     -0.307006131935      0.722893438405
        12.915595526       102.7      0.716172671468    -0.0505051692396       0.71614937194
       22.8955911237       103.4      0.697784604983      0.243820855116      0.697761699137
       32.8955911237       103.4      0.683762554115      0.204501161631      0.683732317101
       42.8755867214       104.4      0.677944390106     -0.063999149037      0.677932108477
       52.8755867214       104.7      0.677409552091     -0.294972262519       0.67739525195
       62.8755867214       104.7      0.676501604438     -0.204436622216      0.676486613218
       72.8555823191       105.3      0.663531190072      0.104204254216      0.663497240182
       82.8555823191       105.3      0.640838476988      0.245990120014      0.640811850365
       92.8555823191       105.3      0.630137293446     0.0918985448758      0.630113863882
       102.835577917       106.3        0.6270698794     -0.198679464462      0.627056855579
       112.835577917       106.7      0.628194347647     -0.268884370502      0.628182102155
       122.835577917       106.7      0.624487087465    -0.0622734574638      0.624455647777
       132.815573515       107.3      0.606661143219      0.184337585206      0.606629309737
       142.815573515       107.3      0.594035904757      0.162000902887      0.594008736052
       152.795569112       108.3      0.588719592368    -0.0529633011691      0.588695323005
       162.795569112       108.7      0.588034451024     -0.252034677852      0.588015348122
       172.795569112       108.7      0.586419468459     -0.191929708301      0.586397180751
        182.77556471       109.2       0.57973860069     0.0645085067116      0.579703945299
        192.77556471       109.2      0.561826129776      0.179149808424      0.561790820014
        202.77556471       109.2      0.554241641664     0.0627834705469      0.554217846063
       212.755560308       110.2       0.55053527791     -0.171120360657      0.550512968434
       222.755560308       110.7      0.551416574253     -0.241763944379      0.551396246562
       232.755560308       110.7      0.548913443083    -0.0751044483513      0.548876930745
       242.735555905       111.1      0.541348904807      0.124636470958      0.541320045481
       252.735555905       111.1      0.536130128317      0.115936816963      0.536098902106
       262.715551503       112.1      0.532941484926    -0.0671784739067      0.532916094008
       272.715551503       112.1      0.531147294804     -0.226633077721      0.531126333735
       282.715551503       112.6      0.529712342142     -0.184659950936      0.529691675927
       292.695547101       113.1      0.525081963194     0.0106230352715      0.525052000682
       302.695547101       113.1       0.51531317768        0.1145279591      0.515282684179
       312.695547101       113.1      0.506469921459     0.0307034345084      0.506449578499
       322.675542699         114      0.504872983664     -0.163518726644      0.504858951429
       332.675542699         114      0.504823315044     -0.232077074896      0.504809599505
       342.675542699       114.6      0.504945524688     -0.108410818979      0.504924995325
       352.655538296         115      0.503811074358     0.0600972907836      0.503796205956
       362.655538296         115      0.501333261267     0.0628513873381      0.501316403209
       372.635533894         116      0.498686060725    -0.0778094974272      0.498661579953
       382.635533894         116      0.495116232388     -0.219754947777      0.495100700815
       392.635533894       116.6      0.495551983625     -0.191844939664      0.495532335084
       402.615529492       116.9      0.496774919141    -0.0349550825551       0.49675793384
       412.615529492       116.9      0.491551230861     0.0503460044085      0.491535671858
       422.615529492       116.9      0.485523464924   -0.00888158720633      0.485501706914
        432.59552509       117.9      0.481315111849     -0.163553550092      0.481298295033
        442.59552509       117.9      0.480404003877     -0.226401093791      0.480388613891
        452.59552509       118.6      0.482796481265     -0.137524869386      0.482778430362
       462.575520687       118.9      0.481026060736   -0.00423309767469       0.48101440078
       472.575520687       118.9      0.478896695474     0.0120792938546      0.478878894567
       482.555516285       118.9       0.47580446481     -0.102259859083      0.475793043841
       492.555516285       119.9      0.474349530783     -0.210752211018      0.474338455502
       502.555516285       119.9       0.47451080071     -0.198563206165       0.47450111981
       512.535511883       120.9      0.473134321646    -0.0839996801526      0.473124339817
       522.535511883       120.9      0.472112671437   -0.00986005350525      0.472104972201
       532.535511883       120.9      0.472664160152    -0.0576455903414      0.472652610494
        542.51550748       121.8      0.472132939546     -0.173309720386      0.472123472961
        552.51550748       121.8       0.47159277343     -0.228188286566      0.471584140108
        562.51550748       122.6      0.471905732004     -0.162443331627      0.471898470186
       572.495503078       122.8      0.468734157803     -0.051113272418      0.468726834405
       582.495503078       122.8      0.467688086179     -0.051297257414      0.467679513577
       592.495503078       122.8      0.467272102498     -0.130056757223       0.46726710159
       602.475498676       123.8      0.467079603483     -0.216337755214      0.467076772016
       612.475498676       123.8      0.466730611299     -0.210189995026      0.466727964874
       622.455494274       124.8       0.46579856309     -0.119941279749      0.465790590215
       632.455494274       124.8      0.465084040261    -0.0685427509331      0.465076788468
       642.455494274       124.8      0.465495261416    -0.0971453369236       0.46548698363
       652.435489871       125.7      0.465237667508     -0.189974073105      0.465232127808
       662.435489871       125.7      0.465301177327     -0.224701915011      0.465296935636
       672.435489871       126.6      0.464879546751     -0.181110990938      0.464875132273
       682.415485469       126.7      0.464646609756     -0.112263520015      0.464639898543
       692.415485469       126.7      0.464340257244    -0.0930875856935      0.464331777755
       702.415485469       126.7      0.464029564808     -0.153919079563        0.4640243302
       712.395481067       127.7      0.463663900705     -0.219132511263      0.463660756346
       722.395481067       127.7      0.463734294365     -0.216245144156      0.463731230091
       732.375476664       128.7      0.464125935989     -0.161587650688      0.464121668912
       742.375476664       128.7      0.464095522484     -0.118135362364      0.464088747202
       752.375476664       128.7      0.464365988689      -0.13402410627      0.464359420826
       762.355472262       129.7      0.463217008265     -0.196556907391       0.46320903518
       772.355472262       129.7      0.462668146932     -0.227393358052      0.462661253537
       782.355472262       129.7       0.46289786137     -0.198069481054       0.46289218251
        792.33546786       130.7      0.463578929187     -0.147289490111      0.463572929928
        802.33546786       130.7      0.463744105686     -0.142221103401      0.463739156973
        812.33546786       130.7      0.463130625609     -0.179011012325      0.463127536316
       822.315463458       131.6      0.462895366274     -0.218945642245      0.462892854465
       832.315463458       131.6      0.462607210655     -0.221626632413       0.46260413215
       842.295459055       132.6      0.462329494594     -0.185722042458      0.462326043822
       852.295459055       132.6      0.462184734245     -0.153843186357      0.462180719338
       862.295459055       132.6      0.462126368408     -0.167848904457       0.46212219533
       872.275454653       133.6       0.46188561507     -0.207994010042      0.461880507268
       882.275454653       133.6      0.461590728711     -0.227855806546       0.46158620481
       892.275454653       133.6       0.46157282418     -0.211550007105      0.461569130151
       902.255450251       134.6      0.461560403717     -0.177431029018      0.461556448923
       912.255450251       134.6      0.461425677499     -0.170550424898      0.461422663442
       922.255450251       134.6      0.461169761826     -0.192253791903      0.461167071826
       932.235445848       135.5      0.460998657266     -0.224853355497      0.460996626767
       942.235445848       135.5      0.460933731477     -0.224908348826      0.460931658469
       952.215441446       136.5        0.4608158115     -0.203208319849      0.460813740291
       962.215441446       136.6      0.460800251903     -0.182534138593      0.460797930279
       972.215441446       136.6      0.460816076348     -0.190293312935      0.460812970155
       982.195437044       137.5      0.460907214341     -0.213365880013      0.460904278929
       992.195437044       137.5       0.46098759605     -0.229245018687      0.460984992927
       1002.19543704       137.5      0.460905154751     -0.218741833675       0.46090219553
       1012.17543264       138.6      0.460717097185     -0.199932538705      0.460715060642
       1022.17543264       138.6      0.460694302299      -0.19371288878      0.460691897176
       1032.17543264       138.6      0.460556497064     -0.209126154666      0.460554085164
       1042.15542824       139.4      0.460542817613     -0.225719892419      0.460540683798
       1052.15542824       139.4      0.460664840188     -0.226842662354      0.460662757182
       1062.13542384       140.4       0.46071901173     -0.214980091802      0.460717054071
       1072.13542384       140.6      0.460977530323     -0.202333635346      0.460975306636
       1082.13542384       140.6      0.460862225698     -0.207036862213      0.460859930853
       1092.11541943       141.4       0.46081027119     -0.220745332906      0.460808406239
       1102.11541943       141.4      0.460755070054     -0.229192596016      0.460753475132
       1112.11541943       141.4        0.4607115424     -0.224362380057      0.460709669151
       1122.09541503       142.6      0.460666132669     -0.213370122267      0.460664722382
       1132.09541503       142.6      0.460696856793     -0.210364170685      0.460695001467
       1142.09541503       142.6      0.460587804682     -0.218588872093      0.460585384922
       1152.07541063       143.8      0.460543633224     -0.226975054581      0.460541419044
       1162.07541063       143.8      0.460582908657     -0.228635511516       0.46058080266
       1172.05540623       144.5       0.46057766156     -0.221639970855      0.460575809217
       1182.05540623       144.8      0.460657307947     -0.217222892664      0.460655276388
       1192.05540623       144.8      0.460488326629     -0.217797512864      0.460485890157
       1202.03540183       145.8      0.460358245663     -0.224653306174      0.460356429821
       1212.03540183       145.8      0.460364858647     -0.229210366045      0.460363115935
       1222.03540183       146.5      0.460276408152     -0.226663039314       0.46027405062
       1232.01539742       146.8      0.460172191563     -0.222252523791      0.460169905937
       1242.01539742       146.8      0.460188202914     -0.219547779494      0.460186028216
       1252.01539742       146.8      0.460239235549     -0.223148880846      0.460237119069
       1261.99539302       147.8      0.460291212242     -0.228379073723      0.460289215884
       1271.99539302       147.8      0.460321884734     -0.229206320061        0.4603198344
       1281.99539302       148.5      0.460301066325     -0.225989147433      0.460298947309
       1291.97538862       148.8      0.460301379214     -0.222306934035      0.460299320429
       1301.97538862       148.8        0.4603245193     -0.223920342164      0.460322459619
       1311.95538422       149.8      0.460363240928     -0.226840304086      0.460361206542
       1321.95538422       149.8      0.460417270802     -0.229401426619      0.460415081527
       1331.95538422       150.5      0.460431128251     -0.228397544439      0.460428567808
       1341.93537981       150.7      0.460397019387     -0.225528271549      0.460394266904
       1351.93537981       150.7      0.460349022309     -0.225229106625      0.460346254037
       1361.93537981       150.7      0.460294767081     -0.226599669099      0.460292154263
       1371.91537541       151.7      0.460271254489     -0.228825818988      0.460268878066
       1381.91537541       151.7      0.460282435319     -0.229268084496      0.460280116097
       1391.91537541       152.5      0.460303929927     -0.228112355902      0.460301531164
       1401.89537101       152.7      0.460348731549     -0.226664954025       0.46034628688
       1411.89537101       152.7      0.460416692964     -0.226872597624      0.460414223599
       1421.87536661       153.7      0.460488580318     -0.228346636533      0.460486133259
       1431.87536661       153.7      0.460551908286     -0.229434153524       0.46054944853
       1441.87536661       153.7       0.46057212488     -0.228867551807      0.460569522168
       1451.85536221       154.7      0.460522656694     -0.228351249914      0.460519942969
       1461.85536221       154.7      0.460427900641     -0.227523029673      0.460425261688
       1471.85536221       154.7      0.460335127964     -0.228001909545      0.460332719125
        1481.8353578       155.6      0.460278574279     -0.229304267264      0.460276408594
        1491.8353578       155.6      0.460261156779     -0.229471312913      0.460259118322
        1501.8353578       156.5        0.4602713407     -0.228743095537      0.460269300106
        1511.8153534       156.6      0.460299590382     -0.228369308315       0.46029746764
        1521.8153534       156.6      0.460329831763     -0.228719701466      0.460327599571
         1531.795349       157.6      0.460344781339     -0.228879266558      0.460342490089
         1541.795349       157.6      0.460341598311     -0.229481752777       0.46033931416
         1551.795349       157.6      0.460314857938     -0.229374164434      0.460312563861
        1561.7753446       158.6      0.460249119622     -0.228841608732      0.460246791311
        1571.7753446       158.6      0.460150721631     -0.228761050151      0.460148436184
        1581.7753446       158.6      0.460053257465     -0.229120272259      0.460051119764
       1591.75534019       159.6      0.459983617788     -0.229317392498      0.459981660539
       1601.75534019       159.6      0.459946042614     -0.229474990291      0.459944229571
       1611.75534019       159.6      0.459931555992     -0.229324407966      0.459929830123
       1621.73533579       160.5      0.459927199389     -0.229048617657      0.459925516536
       1631.73533579       160.5      0.459920099175     -0.229022846719      0.459918438778
       1641.71533139       161.5      0.459901343379     -0.229382118857      0.459899711011
       1651.71533139       161.5      0.459869067876     -0.229465536879       0.45986748722
       1661.71533139       161.5      0.459826735297     -0.229426106219      0.459825231568
       1671.69532699       162.5      0.459779725251     -0.229358726882      0.459778315205
       1681.69532699       162.5      0.459733620449     -0.229210292112      0.459732309515
       1691.69532699       162.5      0.459693439285     -0.229272077775      0.459692220495
       1701.67532258       163.5      0.459661514603     -0.229488388684      0.459660371507
       1711.67532258       163.5      0.459636695866     -0.229482852496      0.459635608253
       1721.67532258       163.5       0.45961581208     -0.229419798082      0.459614762156
       1731.65531818       164.5      0.459595332852     -0.229353500388      0.459594310616
       1741.65531818       164.5      0.459572892813      -0.22937881104      0.459571897146
       1751.63531378       165.5      0.459548384751     -0.229406671961      0.459547419837
       1761.63531378       165.5      0.459523253696     -0.229492000285      0.459522324025
       1771.63531378       165.5      0.459499710602     -0.229488195571      0.459498817022
       1781.61530938       166.5      0.459479616025     -0.229424204114      0.459478755119
       1791.61530938       166.5      0.459463870458     -0.229376524376      0.459463035868
       1801.61530938       166.5      0.459452368801     -0.229482306787      0.459451552011
       1811.59530498       167.5      0.459443938892     -0.229452087939      0.459443129994
       1821.59530498       167.5      0.459437096001     -0.229485734115      0.459436285198
       1831.59530498       167.5       0.45943112406     -0.229473649586      0.459430303884
       1841.57530057       168.5      0.459426335347       -0.2294628393      0.459425502096
       1851.57530057       168.5      0.459423519037     -0.229418691012      0.459422671707
       1861.55529617       168.5      0.459423212081     -0.229493034787      0.459422349866
       1871.55529617       169.5      0.459425290699     -0.229475432183      0.459424411166
       1881.55529617       169.5      0.459429315051     -0.229481168807      0.459428415039
       1891.53529177       170.5      0.459435223717     -0.229462926905      0.459434301626
       1901.53529177       170.5      0.459443725209     -0.229495079242      0.459442782362
       1911.53529177       170.5      0.459455724133     -0.229449027885      0.459454764321
       1921.51528737       171.5      0.459471440396     -0.229490520344      0.459470467549
       1931.51528737       171.5       0.45949020162     -0.229484136247      0.459489217295
       1941.51528737       171.5      0.459510783054     -0.229484057381      0.459509785474
       1951.49528296       172.5       0.45953228132     -0.229469717158       0.45953126622
       1961.49528296       172.5      0.459554629053     -0.229500556325      0.459553591614
       1971.49528296       172.5      0.459578117983     -0.229470358402      0.459577054783
       1981.47527856       173.5      0.459602974022     -0.229491837752      0.459601883246
       1991.47527856       173.5      0.459629031887      -0.22948496365      0.459627911515
       2001.45527416       174.5      0.459655317908     -0.229494405593      0.459654164095
       2011.45527416       174.5      0.459680922928     -0.229478187437      0.459679729563
       2021.45527416       174.5      0.459705291546      -0.22949461725      0.459704052003
       2031.43526976       175.5      0.459728689681     -0.229484814669      0.459727398551
       2041.43526976       175.5      0.459752065138     -0.229492142027      0.459750718413
       2051.43526976       175.5      0.459776200981     -0.229485620168      0.459774795675
       2061.41526535       176.4      0.459801415765     -0.229499225783      0.459799948821
       2071.41526536       176.4      0.459827665764     -0.229484145581      0.459826133015
       2081.41526536       176.4       0.45985452412     -0.229493044864      0.459852921105
       2091.39526095       177.4       0.45988167899     -0.229491355889      0.459880002576
       2101.39526095       177.4      0.459909244314     -0.229493788196        0.4599074942
       2111.37525655       178.4       0.45993722859     -0.229488762439       0.45993540901
       2121.37525655       178.4       0.45996568863     -0.229498984286      0.459963807257
       2131.37525655       178.4      0.459994151361     -0.229491899955      0.459992217641
       2141.35525215       179.3      0.460021869703     -0.229495616073      0.460019892465
       2151.35525215       179.3      0.460048310378     -0.229495005587      0.460046296658
       2161.35525215       179.3       0.46007310994     -0.229497539188      0.460071066136
       2171.33524775       180.4      0.460096244417     -0.229491856171      0.460094177589
       2181.33524775       180.4      0.460117846098     -0.229498399263      0.460115763823
       2191.33524775       180.4      0.460137613079     -0.229496914667      0.460135521722
       2201.31524334       181.3      0.460154949848     -0.229496901593      0.460152852188
       2211.31524334       181.3      0.460169366369     -0.229496898674      0.460167260902
       2221.29523894       182.3      0.460180628739     -0.229498702217       0.46017851153
       2231.29523894       182.4      0.460189096303     -0.229494727686       0.46018696383
       2241.29523894       182.4      0.460195263233     -0.229498389638      0.460193114198
       2251.27523454       183.3      0.460199401851     -0.229498182592      0.460197236715
       2261.27523454       183.3      0.460201359618     -0.229497971082      0.460199179023
       2271.27523454       183.3      0.460200723556     -0.229497735676      0.460198528022
       2281.25523014       184.4      0.460197294333     -0.229498750533      0.460195085617
       2291.25523014       184.4      0.460191302608     -0.229497023824      0.460189085375
       2301.25523014       184.4      0.460183358227     -0.229497647324      0.460181140261
       2311.23522573       185.3      0.460174143124     -0.229497302339      0.460171933253
       2321.23522573       185.3      0.460164113778     -0.229496987498      0.460161919193
       2331.21522133       186.2      0.460153648995     -0.229496052158      0.460151473625
       2341.21522133       186.4       0.46014305875     -0.229496426784       0.46014090367
       2351.21522133       186.4      0.460132839202     -0.229495616735      0.460130703534
       2361.19521693       187.2      0.460123552842     -0.229495225274      0.460121434213
       2371.19521693       187.2      0.460115634684     -0.229495132482      0.460113529126
       2381.19521693       187.2      0.460109408029       -0.2294951559      0.460107310076
       2391.17521253       188.2      0.460104990164     -0.229494949515      0.460102894195
       2401.17521253       188.4       0.46010226398     -0.229495457506      0.460100165934
       2411.17521253       188.4      0.460100900669      -0.22949566759      0.460098798837
       2421.15520813       189.1      0.460100362411     -0.229495888144      0.460098256994
       2431.15520813       189.1      0.460100092819     -0.229496195815      0.460097985276
       2441.13520372       190.1      0.460099757058      -0.22949655966       0.46009765054
       2451.13520372       190.4       0.46009930711     -0.229496695667      0.460097207685
       2461.13520372       190.4      0.460098777518      -0.22949688993      0.460096694473
       2471.11519932       191.1      0.460097945187     -0.229497067879      0.460095888961
       2481.11519932       191.1      0.460096188344     -0.229497057442      0.460094167165
       2491.11519932       191.1      0.460092754476     -0.229496965106      0.460090771726
       2501.09519492       192.1      0.460087225393     -0.229496874242      0.460085280077
       2511.09519492       192.4      0.460079681053     -0.229496642472      0.460077770704
       2521.09519492       192.4      0.460070484286     -0.229496412237      0.460068606772
       2531.07519052       193.1      0.460059719898      -0.22949625076      0.460057872831
       2541.07519052       193.1      0.460046838561     -0.229496014696      0.460045017195
       2551.05518611       193.1      0.460031126545     -0.229495745666      0.460029322623
       2561.05518611       194.4      0.460012144131     -0.229495428382      0.460010348422
       2571.05518611       194.4      0.459990337895     -0.229495035752      0.459988544434
       2581.03518171       195.1      0.459966737978      -0.22949459386      0.459964946974
       2591.03518171       195.1      0.459942128641      -0.22949413953       0.45994034549
       2601.03518171       195.1      0.459916856854     -0.229493640532      0.459915088393
       2611.01517731       196.1      0.459890850807      -0.22949309739       0.45988910228
       2621.01517731       196.4        0.4598640804     -0.229492500529      0.459862355864
       2631.01517731       196.4      0.459837345894     -0.229491877371      0.459835650775
       2640.99517291       197.1      0.459811961044     -0.229491264889      0.459810303875
       2650.99517291       197.1      0.459788922253     -0.229490725905      0.459787313426
       2660.99517291       197.1      0.459768610943       -0.2294902875      0.459767058608
        2670.9751685       198.4      0.459750597771     -0.229489951582      0.459749104692
        2680.9751685       198.4      0.459734088321     -0.229489692532       0.45973265234
        2690.9551641         199      0.459718745424     -0.229489492705      0.459717361823
        2700.9551641         199      0.459704554281     -0.229489343813      0.459703219101
        2710.9551641         199      0.459691691642     -0.229489255497      0.459690402069
        2720.9351597         200      0.459679980692     -0.229489223414      0.459678733717
        2730.9351597       200.4      0.459668734354      -0.22948922061      0.459667525565
        2740.9351597       200.4       0.45965721673     -0.229489199741       0.45965604023
        2750.9151553         201      0.459645009403     -0.229489120248      0.459643859524
        2760.9151553         201      0.459632118653     -0.229488966304      0.459630991705
        2770.9151553         201       0.45961895023     -0.229488752477      0.459617844524
        2780.8951509         202      0.459605911885     -0.229488506551      0.459604826627
        2790.8951509       202.4      0.459593126581     -0.229488246856        0.4595920607
       2800.87514649         203      0.459580640156     -0.229487976218      0.459579591656
       2810.87514649         203      0.459568377607     -0.229487686336      0.459567344025
       2820.87514649         203      0.459556451405     -0.229487376595      0.459555430203
       2830.85514209         204      0.459545097711     -0.229487061479      0.459544086529
       2840.85514209       204.3      0.459534530969     -0.229486763347      0.459533527693
       2850.85514209       204.3      0.459524973338     -0.229486502567      0.459523976051
       2860.83513769         205      0.459516497391     -0.229486284129      0.459515504417
       2870.83513769         205       0.45950896587     -0.229486095983      0.459507975639
       2880.83513769         205       0.45950220476     -0.229485921393      0.459501215445
       2890.81513329         206      0.459496102769     -0.229485750892      0.459495112202
       2900.81513329       206.3      0.459490748158     -0.229485589916      0.459489754322
       2910.79512888       206.9      0.459486555156       -0.2294854595      0.459485557096
       2920.79512888       206.9      0.459484033686     -0.229485383256       0.45948303196
       2930.79512888       206.9      0.459483588786     -0.229485376572      0.459482584939
       2940.77512448       207.9      0.459485289793     -0.229485438742      0.459484284993
       2950.77512448       208.3      0.459488942656     -0.229485558274      0.459487936516
       2960.77512448       208.3      0.459494315969     -0.229485724093      0.459493306533
