# 
# 
# kRn: sum[Phi,Eta,specRn] density
0.032467266, 24.712481
0.064934532, 17.918983
0.097401799, 10.511693
0.12986906, 22.430271
0.16233633, 37.573786
0.1948036, 43.90861
0.22727086, 43.66507
0.25973813, 52.627001
0.2922054, 5.9470765
0.32467266, 4.9985904
0.35713993, 1.1824901
0.38960719, 9.8867847
0.42207446, 6.39011
0.45454173, 2.4180433
0.48700899, 1.0273223
0.51947626, 6.8117743
0.55194353, 3.2377604
0.58441079, 1.516466
0.61687806, 1.4157321
0.64934532, 0.95890191
0.68181259, 0.1273573
0.71427986, 1.4681823
0.74674712, 0.21763215
0.77921439, 0.70825277
0.81168166, 0.11408457
0.84414892, 0.20174216
0.87661619, 0.21715378
0.90908345, 0.16056841
0.94155072, 0.068360988
0.97401799, 0.23236369
1.0064853, 0.22954175
1.0389525, 0.38418133
1.0714198, 0.030821777
1.1038871, 0.10114483
1.1363543, 0.074801994
1.1688216, 0.12406595
1.2012889, 0.1207124
1.2337561, 0.10166771
1.2662234, 0.0056670797
1.2986906, 0.021849121
1.3311579, 0.14834326
1.3636252, 0.028936726
1.3960924, 0.0064209434
1.4285597, 0.018004332
1.461027, 0.0042732439
1.4934942, 0.011082244
1.5259615, 0.013643631
1.5584288, 0.0057226578
1.590896, 0.0043196376
1.6233633, 0.0018741974
1.6558306, 0.00063893539
1.6882978, 0.00079952162
1.7207651, 0.001018642
1.7532324, 0.0007034826
1.7856996, 0.00041556832
1.8181669, 0.00038961725
1.8506342, 0.00021011508
1.8831014, 0.00045764011
1.9155687, 0.00036755392
1.948036, 0.00078597588
1.9805032, 0.00060095716
2.0129705, 0.00039453485
2.0454378, 0.00011997706
2.077905, 0.00020497832
2.1103723, 9.054019e-05
2.1428396, 0.00037759372
2.1753068, 0.00032717172
2.2077741, 3.7584004e-05
2.2402414, 5.0282828e-05
2.2727086, 0.00018211975
2.3051759, 7.2297914e-05
2.3376432, 6.2346987e-05
2.3701104, 6.3838797e-05
2.4025777, 3.9695274e-05
2.435045, 1.1760499e-05
2.4675122, 5.3327177e-05
2.4999795, 8.1913189e-06
2.5324468, 8.6317772e-05
2.564914, 2.2723821e-06
2.5973813, 1.9681006e-05
2.6298486, 6.0370947e-06
2.6623158, 8.468361e-06
2.6947831, 2.4381827e-06
2.7272504, 1.2633435e-05
2.7597176, 3.2372581e-06
2.7921849, 1.4889169e-05
2.8246522, 9.4781793e-07
2.8571194, 2.9525913e-06
2.8895867, 3.7919142e-06
2.922054, 9.5406558e-07
2.9545212, 1.7445078e-06
2.9869885, 3.1191876e-06
3.0194558, 3.7268664e-07
3.051923, 3.2751198e-07
3.0843903, 1.2282148e-06
3.1168576, 5.9086065e-07
3.1493248, 1.3425101e-07
3.1817921, 3.4882467e-07
3.2142594, 9.8260745e-08
3.2467266, 6.518068e-07
