# Ovr(Orbital&Phi.Phi.Eta.Rn.Rn)
# H0
#      Time            CPU <Ovr(Orbital&Phi.Phi.Eta.Rn.Rn)>                <H0>
      -454.544553232           0                   1     -0.558290373673
      -445.511502927   4.705e-06      0.999999999969     -0.558290373656
      -436.476462186       1.286      0.999999999937     -0.558290373638
      -427.433385385       1.286      0.999999999906     -0.558290373495
      -418.305714844       1.286      0.999999999882     -0.558290371813
      -409.615433977       3.288      0.999999999864     -0.558290366995
      -400.489863698       3.288      0.999999999837     -0.558290363122
      -399.384562037       4.564      0.999999999833     -0.558290363815
      -392.277492261       4.564      0.999999999817     -0.558290368103
      -384.865280205       5.278      0.999999999809     -0.558290372498
      -378.022263912       5.278      0.999999999791     -0.558290356322
      -371.390990994       7.279      0.999999999709     -0.558290286661
      -364.861146059       7.279      0.999999999432     -0.558290158577
      -358.128982134       7.279      0.999999998745     -0.558290051207
      -350.217113737       9.276      0.999999997342     -0.558290041749
      -344.224570841       10.77      0.999999996202     -0.558290109258
      -343.899019764       10.77      0.999999996149      -0.55829012774
      -337.762553709       11.28      0.999999995498     -0.558290194013
      -331.683541407       11.28       0.99999999527     -0.558290316291
       -325.30496361       13.28      0.999999993212     -0.558290107715
      -318.811741132       13.28      0.999999983081     -0.558289405423
      -312.632340795       15.27      0.999999957544     -0.558288966257
      -306.627195218       15.27      0.999999911838     -0.558288454382
      -300.240951948       15.27       0.99999984274     -0.558287660369
      -294.479304254       17.28      0.999999775068     -0.558288314188
      -289.064579646        18.7       0.99999972378     -0.558288703147
      -288.071577957        18.7      0.999999716799     -0.558289149203
      -281.640716348       19.27      0.999999691828     -0.558289019769
      -275.229182007       19.27      0.999999679964     -0.558289145799
      -268.879320432       21.28      0.999999605967       -0.5582879405
      -262.638728684       23.28      0.999999360792     -0.558283781023
       -256.37090021       23.28      0.999998844818     -0.558281363072
      -250.016987606       25.27      0.999998036898     -0.558281716619
      -243.741566767       25.27      0.999997090401     -0.558279572857
      -237.072727516       27.28      0.999996198122     -0.558279464805
       -233.90458845       28.48      0.999995897348     -0.558282782011
      -231.279849912       28.48      0.999995724413     -0.558285025282
      -225.848292062       29.28      0.999995556642     -0.558282220156
      -220.223366116       31.27      0.999995456211     -0.558280756269
      -214.687987364       31.27      0.999995014686     -0.558274612944
      -209.048384176       33.28      0.999993694236     -0.558263787854
      -203.641397694       35.27      0.999991234657     -0.558267844579
      -197.528354688       35.27       0.99998702105     -0.558257387804
      -191.349738631       37.28      0.999981837663     -0.558253188487
      -185.152873886       37.28      0.999976903105     -0.558263855606
        -179.4863263       39.28      0.999973664083     -0.558258053574
      -174.150153413       41.27         0.999972112     -0.558255313973
      -168.010774846       41.27      0.999971548587     -0.558256218801
      -161.898479133       43.27      0.999970501715     -0.558232441222
      -155.760302031       45.27      0.999966483255      -0.55822783531
      -149.758720802       47.28      0.999957825935     -0.558215356745
      -144.090489479       47.28      0.999945172454     -0.558185869301
      -138.186788233       49.27      0.999929107134     -0.558197401751
      -132.428292075       49.27      0.999913685587     -0.558199376831
      -126.979094413       51.27      0.999902230564     -0.558191830489
      -123.584606059        53.1      0.999897428369     -0.558204191936
      -120.843662858       53.27      0.999894905797     -0.558212518752
      -114.960640827       55.27      0.999892558489     -0.558185451421
      -109.226965344       55.27      0.999891052779     -0.558166964309
      -103.349170376       57.27      0.999885054056     -0.558134641279
      -97.4948645427       59.27      0.999870025703     -0.558080540922
      -91.5375355337       61.27      0.999843864922     -0.558079501309
       -86.168319244       61.27      0.999813195124      -0.55808658163
      -80.3315527391       63.27      0.999778025852     -0.558068620265
       -74.941460723       63.27      0.999750035524     -0.558106915377
      -68.9581511912       65.27      0.999729307336      -0.55808582598
      -68.4246148639       66.79      0.999728057984     -0.558091961807
      -63.1458921768       67.27      0.999720319606     -0.558060215889
      -57.5393957679       69.27      0.999717651768     -0.558056152629
      -52.0745759354       71.27      0.999713302486     -0.557990434043
       -46.556685454       71.27      0.999699445588     -0.557987330927
      -40.7101116424       73.27      0.999669016062     -0.557920441959
      -34.7662912633       75.27      0.999621991235     -0.557881461984
      -29.3346266389       77.27      0.999571074646     -0.557925116842
      -23.6179990408       77.27      0.999519323749     -0.557905421657
      -17.9700059943       79.27      0.999479461271     -0.557933466496
      -13.2646236685       81.01       0.99945857945      -0.55792951533
      -12.1493050674       81.27      0.999455281579     -0.557944277156
      -6.60044569035       81.27      0.999446246787      -0.55789219573
      -1.03571427039       83.27      0.999442960437     -0.557861240951
        4.3387425221       85.27      0.999435219723      -0.55779810717
       9.81494479481       87.27      0.999413946963     -0.557785381523
       15.6339596624       87.27      0.999372273748     -0.557754864279
       21.5689161457       89.27      0.999313119291     -0.557700862881
       27.0439716536       91.27      0.999253039088     -0.557737769144
         32.71064923       91.27       0.99919709738     -0.557740005015
       38.4508243647       93.27      0.999156364488     -0.557734996196
        41.895367527       95.34      0.999141211408      -0.55775339194
       44.2436181185       95.34      0.999134560804     -0.557771706491
       49.8100037034       97.27      0.999127272947     -0.557717326841
       55.3364528068       99.27      0.999123729422     -0.557688833591
       60.9267772181       99.27      0.999113235913     -0.557639153932
       66.5579993927       101.3      0.999088085522      -0.55758656691
       72.5023608994       103.3      0.999044296493     -0.557609076834
       78.1109534503       105.3      0.998992419621     -0.557577758714
       83.7750061171       105.3      0.998939497212     -0.557584497228
       89.3660789855       107.3      0.998896304729     -0.557612808942
       94.9959450084       109.3      0.998867700811     -0.557592149756
       97.0553587224         110      0.998861142414     -0.557610569105
       101.072143037         110      0.998853371478      -0.55760213451
       106.818631762       111.3      0.998849343369      -0.55759197695
       112.517936814       113.3       0.99884557399      -0.55755861105
       118.408422138       115.3      0.998833857823     -0.557545484987
        124.53014805       117.3      0.998809370678     -0.557505027545
       130.223541179       117.3      0.998777369317      -0.55749141835
       135.959252841       119.3      0.998742127325     -0.557514716085
        141.83324781       119.3      0.998710141296     -0.557506878882
       147.419763526       121.3      0.998688424324     -0.557525214992
       152.215349918       123.3      0.998677565114      -0.55752611831
       153.349605869       123.3      0.998675936592     -0.557533473692
       159.421900923       123.3      0.998671470145     -0.557517975931
       165.586261908       125.3      0.998669719021      -0.55751140824
       171.718473894       127.3      0.998665103771     -0.557495835601
       177.414180167       129.3      0.998655626855     -0.557477048941
       182.807519334       129.3      0.998642373222     -0.557487666132
       188.759270162       131.3      0.998625497739     -0.557478636526
        194.82497696       131.3      0.998609551315     -0.557479335049
       201.146896749       133.3      0.998597461653     -0.557492207451
       206.687058485       133.3      0.998591503535     -0.557489773623
       207.375341113       135.4      0.998591035623     -0.557492144411
       212.185384474       135.4       0.99858901919     -0.557490685811
        217.86922193       137.3      0.998588229416     -0.557493077093
        223.44051216       137.3      0.998587363632     -0.557486785557
       228.949412733       139.3      0.998585235841     -0.557486825703
       234.723605398       141.3      0.998581368449     -0.557478833823
       240.824483699       141.3      0.998576133094     -0.557476471438
       247.419765616       143.3      0.998570548615     -0.557480137266
       253.892565088       143.3      0.998566393683     -0.557481496136
         260.1014986       145.3      0.998564092288     -0.557482381944
       262.535332309       146.3      0.998563593652     -0.557484631312
       266.516439871       146.3      0.998563132512     -0.557485517969
       272.653847798       147.3      0.998562885436     -0.557486250698
       278.767312002       149.3      0.998562662863      -0.55748495394
       285.220972264       149.3      0.998562087651     -0.557484746834
       291.905289119       151.3      0.998561126474      -0.55748372063
       297.754846535       153.3      0.998560189797     -0.557482505299
       304.055475375       153.3       0.99855932539     -0.557483167283
       309.776120886       153.3      0.998558789823     -0.557483936536
       316.382123259       155.3      0.998558469315     -0.557484428009
       317.695323504       156.3      0.998558435524     -0.557484740009
       322.423577681       156.3      0.998558366623     -0.557485042006
       328.700783918       157.3      0.998558337634     -0.557485340098
       335.181005927       157.3      0.998558305556     -0.557485169808
       340.860890195       159.3      0.998558250719     -0.557485125177
       347.222214487       159.3      0.998558169512     -0.557485001338
       354.672246967       161.3      0.998558079775     -0.557484943625
       361.956981589       161.3      0.998558021661     -0.557485035785
       368.647549611       161.3      0.998557995869     -0.557485177177
       375.143198308       163.6      0.998557987058     -0.557485270995
       381.606113108       163.6      0.998557984912     -0.557485300987
        388.59082728       165.3      0.998557983863     -0.557485304885
       396.510727501       165.3      0.998557982034     -0.557485298116
       405.675044351       165.3      0.998557979955     -0.557485297743
       414.573099673       167.3      0.998557978916     -0.557485303448
       423.381637058       167.3      0.998557978604     -0.557485306453
       428.015305895         169      0.998557978554     -0.557485306866
       432.067647292       169.3      0.998557978531     -0.557485306955
       441.145687552       169.3      0.998557978494     -0.557485306947
       450.097448025       169.3      0.998557978462      -0.55748530693
       454.544553232       171.3      0.998557978446     -0.557485306921
       458.958453464       171.3       0.99855797843     -0.557485306912
       468.037687925       171.3      0.998557978399     -0.557485306895
       477.061012149       171.3      0.998557978368     -0.557485306877
         486.0899356       173.3      0.998557978336      -0.55748530686
       495.089088463       173.3      0.998557978305     -0.557485306842
       504.040294762       173.3      0.998557978273     -0.557485306825
       509.704544428       175.3      0.998557978254     -0.557485306814
       512.986001288       175.3      0.998557978242     -0.557485306808
       522.009489848       175.3      0.998557978211      -0.55748530679
        531.08537638       175.3       0.99855797818     -0.557485306773
       540.083482611       177.3      0.998557978148     -0.557485306755
       548.986885888       177.3      0.998557978117     -0.557485306738
       558.018820349       177.3      0.998557978086      -0.55748530672
       564.864535623       179.3      0.998557978062     -0.557485306707
         566.9995833       179.3      0.998557978055     -0.557485306703
        576.02665992       179.3      0.998557978023     -0.557485306685
       585.071765065       179.3      0.998557977992     -0.557485306668
       593.976116126       181.3      0.998557977961      -0.55748530665
       603.008805217       181.3      0.998557977929     -0.557485306633
       612.032293727       181.3      0.998557977898     -0.557485306615
       621.069625509       183.3      0.998557977867     -0.557485306598
       630.065541976       183.3      0.998557977835      -0.55748530658
       638.921492804       183.3      0.998557977804     -0.557485306563
       647.956247243       185.3      0.998557977773     -0.557485306545
       657.027493058       185.3      0.998557977742     -0.557485306528
       666.054476437       185.3       0.99855797771      -0.55748530651
       675.099225118       187.3      0.998557977679     -0.557485306493
       675.184518014       187.3      0.998557977679     -0.557485306493
       684.010742288       187.3      0.998557977646     -0.557485306475
       693.043432219       187.3      0.998557977615     -0.557485306457
       702.066920855       187.3      0.998557977583      -0.55748530644
         711.1425517       189.3      0.998557977552     -0.557485306422
       720.140160063       189.3       0.99855797752     -0.557485306404
       729.044001395       189.3      0.998557977489     -0.557485306387
       738.042502756       191.3      0.998557977458      -0.55748530637
       747.066132564       191.3      0.998557977427     -0.557485306352
       756.093166905       193.3      0.998557977396     -0.557485306335
       765.138127361       193.3      0.998557977364     -0.557485306317
       774.042570678       193.3      0.998557977333       -0.5574853063
       783.075339772       195.3      0.998557977301     -0.557485306282
       785.504500405       195.5      0.998557977293     -0.557485306277
        792.01327107       195.5      0.998557977271     -0.557485306265
       801.087278538       195.5      0.998557977239     -0.557485306247
       810.131198824       197.3      0.998557977208      -0.55748530623
       818.987232334       197.3      0.998557977177     -0.557485306212
       828.022075373       197.3      0.998557977145     -0.557485306195
        837.09333833       199.3      0.998557977114     -0.557485306177
        846.02884829       199.7      0.998557977083      -0.55748530616
       855.069536646       199.7      0.998557977051     -0.557485306143
       863.926752885       201.3       0.99855797702     -0.557485306125
       873.011879318       201.3      0.998557976989     -0.557485306108
       882.035992467       201.3      0.998557976957      -0.55748530609
       891.061778219       203.3      0.998557976926     -0.557485306073
       895.824482796       203.8      0.998557976909     -0.557485306063
       900.065264585       203.8      0.998557976895     -0.557485306055
       908.922581034       203.8      0.998557976864     -0.557485306038
        917.96070551       205.3      0.998557976832      -0.55748530602
       927.032777765       205.3      0.998557976801     -0.557485306003
       936.058311492       205.3       0.99855797677     -0.557485305985
       945.098771618       207.3      0.998557976738     -0.557485305968
       950.984473991       207.8      0.998557976718     -0.557485305956
       953.935979449       207.8      0.998557976707     -0.557485305951
       962.974232426       207.8      0.998557976676     -0.557485305933
       972.046336191       209.3      0.998557976645     -0.557485305915
       981.071825859       209.3      0.998557976613     -0.557485305898
       990.112131876       209.3      0.998557976582      -0.55748530588
       998.969404471       211.3      0.998557976551     -0.557485305863
       1006.14446519         212      0.998557976526     -0.557485305849
        1007.9609848         212      0.998557976519     -0.557485305845
       1016.98615456         212      0.998557976488     -0.557485305828
       1026.01070677       213.3      0.998557976457     -0.557485305811
       1035.09767021       213.3      0.998557976425     -0.557485305793
       1043.95504934       213.3      0.998557976394     -0.557485305776
       1052.99391976       215.3      0.998557976363     -0.557485305758
       1061.30445638       216.2      0.998557976334     -0.557485305742
       1061.97161022       216.2      0.998557976332     -0.557485305741
        1070.9959222       216.2        0.9985579763     -0.557485305723
        1080.0322402       217.3      0.998557976269     -0.557485305706
        1088.8890498       217.3      0.998557976238     -0.557485305688
       1097.93107353       217.3      0.998557976206     -0.557485305671
       1107.00436359       219.3      0.998557976175     -0.557485305653
       1116.02881386       219.3      0.998557976144     -0.557485305636
       1124.96981123       220.3      0.998557976113     -0.557485305618
       1133.87518167       221.3      0.998557976081     -0.557485305601
       1142.91856167       221.3       0.99855797605     -0.557485305583
       1151.94500455       221.3      0.998557976019     -0.557485305566
       1160.96880216       223.3      0.998557975987     -0.557485305549
       1170.05228284       223.3      0.998557975956     -0.557485305531
       1178.87259798       224.4      0.998557975925     -0.557485305514
       1187.86863232       225.2      0.998557975893     -0.557485305496
       1196.94351649       225.2      0.998557975862     -0.557485305479
       1205.96725372       227.3      0.998557975831     -0.557485305461
        1215.0009588       227.3        0.9985579758     -0.557485305444
       1223.90625239       227.3      0.998557975768     -0.557485305426
       1226.78442997       229.1      0.998557975758     -0.557485305421
       1232.87833825       229.2      0.998557975737     -0.557485305409
       1241.90602005       229.2      0.998557975706     -0.557485305391
       1250.97705569       229.2      0.998557975674     -0.557485305374
       1260.01056623       231.2      0.998557975643     -0.557485305356
       1268.91564244       231.2      0.998557975612     -0.557485305339
       1277.91136764       231.2       0.99855797558     -0.557485305321
        1286.8919534       233.3      0.998557975549     -0.557485305304
        1295.9153045       233.3      0.998557975518     -0.557485305287
       1304.94662944       233.3      0.998557975487     -0.557485305269
       1313.89956892       235.2      0.998557975455     -0.557485305252
       1322.89671556       235.2      0.998557975424     -0.557485305234
       1331.92468745       235.2      0.998557975393     -0.557485305217
       1340.85557543       237.5      0.998557975362     -0.557485305199
       1349.93362791       237.5       0.99855797533     -0.557485305182
       1358.88541235       237.5      0.998557975299     -0.557485305164
       1367.83545648       239.2      0.998557975268     -0.557485305147
       1376.86506658       239.2      0.998557975236     -0.557485305129
       1385.93581159       239.2      0.998557975205     -0.557485305112
       1392.26440355       241.7      0.998557975183     -0.557485305099
       1394.87265564       241.7      0.998557975174     -0.557485305094
        1403.8715785       241.7      0.998557975142     -0.557485305077
       1412.82298914       241.7      0.998557975111     -0.557485305059
       1421.85329195       243.2       0.99855797508     -0.557485305042
       1430.87655272       243.2      0.998557975049     -0.557485305024
       1439.90575628       243.2      0.998557975017     -0.557485305007
       1448.87122559       245.7      0.998557974986      -0.55748530499
       1457.77461569       245.7      0.998557974955     -0.557485304972
       1466.85400687       245.7      0.998557974923     -0.557485304955
        1475.8773446       247.2      0.998557974892     -0.557485304937
       1484.90615908       247.2      0.998557974861      -0.55748530492
       1493.90501995       247.2      0.998557974829     -0.557485304902
       1502.58438595       249.7      0.998557974799     -0.557485304885
       1502.78078963       249.7      0.998557974798     -0.557485304885
       1511.81295554       249.7      0.998557974767     -0.557485304867
       1520.88378024       249.7      0.998557974736      -0.55748530485
       1529.91241515       251.2      0.998557974704     -0.557485304832
       1538.91073564       251.2      0.998557974673     -0.557485304815
       1547.81397576       251.2      0.998557974642     -0.557485304797
       1556.89323896       253.2       0.99855797461      -0.55748530478
       1565.91662743       253.8      0.998557974579     -0.557485304762
       1574.94552929       253.8      0.998557974548     -0.557485304745
       1583.94463473       255.2      0.998557974516     -0.557485304727
       1592.89588585       255.2      0.998557974485      -0.55748530471
       1601.92610351       255.2      0.998557974454     -0.557485304692
       1610.94935724       257.2      0.998557974422     -0.557485304675
       1612.90436834       257.8      0.998557974415     -0.557485304671
       1619.93583982       257.8      0.998557974391     -0.557485304657
       1628.93371179       257.8       0.99855797436      -0.55748530464
       1637.83733283       259.2      0.998557974329     -0.557485304622
       1646.86939014       259.2      0.998557974297     -0.557485304605
       1655.94021134       259.2      0.998557974266     -0.557485304588
       1664.96893129       261.2      0.998557974235      -0.55748530457
       1673.96746406       261.8      0.998557974203     -0.557485304552
       1682.87052713       261.8      0.998557974172     -0.557485304535
       1691.94967913       263.2       0.99855797414     -0.557485304517
       1700.97298673       263.2      0.998557974109       -0.5574853045
       1710.00198659       263.2      0.998557974078     -0.557485304483
       1719.00130155       265.2      0.998557974047     -0.557485304465
       1723.22435073       265.9      0.998557974032     -0.557485304457
       1727.87445528       265.9      0.998557974016     -0.557485304448
       1736.90646059       265.9      0.998557973984      -0.55748530443
       1745.97728581       267.2      0.998557973953     -0.557485304413
       1755.00603753       267.2      0.998557973922     -0.557485304395
       1764.00468732       269.2       0.99855797389     -0.557485304378
       1772.90766133       269.2      0.998557973859      -0.55748530436
       1781.90996184       270.7      0.998557973828     -0.557485304343
       1790.93344271       271.2      0.998557973797     -0.557485304325
       1800.00929659       271.2      0.998557973765     -0.557485304308
       1809.00732258       271.2      0.998557973734      -0.55748530429
       1817.91079468       273.2      0.998557973702     -0.557485304273
       1826.94276679       273.2      0.998557973671     -0.557485304255
       1833.54433312       275.1      0.998557973648     -0.557485304243
       1835.91974545       275.1       0.99855797364     -0.557485304238
       1844.94673982       275.2      0.998557973609     -0.557485304221
       1853.99153841       275.2      0.998557973577     -0.557485304203
       1862.84711022       277.2      0.998557973546     -0.557485304186
       1871.92894008       277.2      0.998557973515     -0.557485304168
       1880.95246714       277.2      0.998557973483     -0.557485304151
        1889.9387013       279.3      0.998557973452     -0.557485304133
       1898.98239553       279.3      0.998557973421     -0.557485304116
       1907.83856441       279.3       0.99855797339     -0.557485304098
       1916.87355638       281.2      0.998557973358     -0.557485304081
       1925.94484265       281.2      0.998557973327     -0.557485304063
       1934.97171587       281.2      0.998557973296     -0.557485304046
       1943.86431551       283.3      0.998557973265     -0.557485304029
       1943.91611216       283.3      0.998557973264     -0.557485304028
       1952.77338276       283.3      0.998557973233     -0.557485304011
       1961.85886346       283.3      0.998557973202     -0.557485303993
       1970.88309717       285.2      0.998557973171     -0.557485303976
       1979.90872586       285.2      0.998557973139     -0.557485303959
       1988.99966209       285.2      0.998557973108     -0.557485303941
       1997.85615969       287.2      0.998557973077     -0.557485303923
        1999.0243067       287.5      0.998557973073     -0.557485303921
       2006.81586984       287.5      0.998557973045     -0.557485303906
       2015.88795298       287.5      0.998557973014     -0.557485303889
       2024.91347457       289.2      0.998557972983     -0.557485303871
       2033.95387355       289.2      0.998557972951     -0.557485303854
        2042.8111257       289.2       0.99855797292     -0.557485303836
       2051.89649968       291.2      0.998557972889     -0.557485303819
        2054.1842979       291.8      0.998557972881     -0.557485303814
         2060.747026       291.8      0.998557972858     -0.557485303802
       2069.81863087       291.8      0.998557972827     -0.557485303784
       2078.85497368       293.2      0.998557972795     -0.557485303766
       2087.71178957       293.2      0.998557972764     -0.557485303749
       2096.75378412       293.2      0.998557972733     -0.557485303731
       2105.82706494       295.2      0.998557972701     -0.557485303714
        2109.3442891       295.9      0.998557972689     -0.557485303707
       2114.75892619       295.9       0.99855797267     -0.557485303697
       2123.79276374       295.9      0.998557972639     -0.557485303679
       2132.69815732       297.2      0.998557972608     -0.557485303662
       2141.74149896       297.2      0.998557972576     -0.557485303644
        2150.7679193       297.2      0.998557972545     -0.557485303627
       2159.79172515       299.2      0.998557972514     -0.557485303609
       2168.78460111       300.2      0.998557972483     -0.557485303592
       2177.68933745       300.2      0.998557972451     -0.557485303574
       2186.68558995       301.2       0.99855797242     -0.557485303557
       2195.71324326       301.2      0.998557972389     -0.557485303539
       2204.78427966       301.2      0.998557972357     -0.557485303522
       2206.39964782       303.3      0.998557972351     -0.557485303519
