# 
# 
# kRn: sum[Phi,Eta,specRn] density
0.016233633, 7.3362509
0.032467266, 7.8862332
0.048700899, 8.2731838
0.064934532, 7.4788347
0.081168166, 5.6194419
0.097401799, 4.1067132
0.11363543, 3.824522
0.12986906, 4.173432
0.1461027, 3.9085484
0.16233633, 3.2397459
0.17856996, 3.1518931
0.1948036, 3.3294678
0.21103723, 3.2297412
0.22727086, 3.0795295
0.2435045, 2.944624
0.25973813, 2.2351784
0.27597176, 1.6377045
0.2922054, 0.95856975
0.30843903, 0.94121036
0.32467266, 1.5202033
0.3409063, 2.0917121
0.35713993, 1.8642812
0.37337356, 1.0324879
0.38960719, 0.93641599
0.40584083, 1.2695755
0.42207446, 1.453337
0.43830809, 0.83856106
0.45454173, 0.76413523
0.47077536, 0.97740281
0.48700899, 1.1134107
0.50324263, 0.77059074
0.51947626, 0.77093305
0.53570989, 0.63649527
0.55194353, 0.53580291
0.56817716, 0.44633412
0.58441079, 0.65465002
0.60064443, 0.62892442
0.61687806, 0.38602209
0.63311169, 0.62408896
0.64934532, 0.6718014
0.66557896, 0.5674769
0.68181259, 0.29460434
0.69804622, 0.40866614
0.71427986, 0.63749016
0.73051349, 0.3160274
0.74674712, 0.25167246
0.76298076, 0.28986443
0.77921439, 0.18208972
0.79544802, 0.15486708
0.81168166, 0.18116342
0.82791529, 0.12514352
0.84414892, 0.12140236
0.86038256, 0.18036855
0.87661619, 0.23283003
0.89284982, 0.089479355
0.90908345, 0.12318339
0.92531709, 0.1811458
0.94155072, 0.13776945
0.95778435, 0.071859617
0.97401799, 0.11076169
0.99025162, 0.13766635
1.0064853, 0.044262065
1.0227189, 0.078785302
1.0389525, 0.07036102
1.0551862, 0.082081286
1.0714198, 0.040121368
1.0876534, 0.044644461
1.1038871, 0.12164232
1.1201207, 0.01831355
1.1363543, 0.037042186
1.152588, 0.12719928
1.1688216, 0.012194268
1.1850552, 0.038523768
1.2012889, 0.10483841
1.2175225, 0.0075284164
1.2337561, 0.044053332
1.2499897, 0.067991849
1.2662234, 0.0040348343
1.282457, 0.051297902
1.2986906, 0.029006422
1.3149243, 0.0077275248
1.3311579, 0.043146066
1.3473915, 0.0065179302
1.3636252, 0.015167358
1.3798588, 0.019404624
1.3960924, 0.0024229891
1.4123261, 0.016900376
1.4285597, 0.0029846708
1.4447933, 0.0062732563
1.461027, 0.0064621324
1.4772606, 0.0017948797
1.4934942, 0.0063656599
1.5097279, 0.0010421309
1.5259615, 0.0035615226
1.5421951, 0.0013683788
1.5584288, 0.0015617625
1.5746624, 0.0014780986
1.590896, 0.00071749286
1.6071297, 0.0012472351
1.6233633, 0.00044953785
1.6395969, 0.00094331777
1.6558306, 0.00036749074
1.6720642, 0.00059567083
1.6882978, 0.00026782206
1.7045315, 0.00035352895
1.7207651, 0.00013652368
1.7369987, 0.00024364413
1.7532324, 0.00011265507
1.769466, 0.00018296346
1.7856996, 0.00011838364
1.8019333, 0.00013605972
1.8181669, 9.0808834e-05
1.8344005, 0.00010303728
1.8506342, 5.9173766e-05
1.8668678, 6.3311022e-05
1.8831014, 3.4436077e-05
1.8993351, 2.5620911e-05
1.9155687, 3.6336201e-05
1.9318023, 4.9453329e-05
1.948036, 4.2839592e-05
1.9642696, 6.0332058e-05
1.9805032, 3.976307e-05
1.9967369, 2.2639735e-05
2.0129705, 2.3477266e-05
2.0292041, 2.2604863e-05
2.0454378, 2.1124984e-05
2.0616714, 2.1916772e-05
2.077905, 2.7698422e-05
2.0941387, 2.7620001e-05
2.1103723, 1.9154309e-05
2.1266059, 2.4205047e-05
2.1428396, 1.4072601e-05
2.1590732, 1.0794325e-05
2.1753068, 1.207016e-05
2.1915405, 1.2733527e-05
2.2077741, 2.1756977e-05
2.2240077, 1.3429702e-05
2.2402414, 1.2428578e-05
2.256475, 2.2783386e-05
2.2727086, 1.18975e-05
2.2889423, 8.9989865e-06
2.3051759, 7.8540569e-06
2.3214095, 6.5086254e-06
2.3376432, 8.243092e-06
2.3538768, 1.3843784e-05
2.3701104, 8.7032746e-06
2.3863441, 7.3315106e-06
2.4025777, 6.4370257e-06
2.4188113, 5.5491299e-06
2.435045, 5.4951319e-06
2.4512786, 4.7013299e-06
2.4675122, 2.8889938e-06
2.4837459, 3.1551729e-06
2.4999795, 2.4687385e-06
2.5162131, 3.441091e-06
2.5324468, 4.2966495e-06
2.5486804, 2.2210199e-06
2.564914, 1.6609622e-06
2.5811477, 2.2883642e-06
2.5973813, 3.342734e-06
2.6136149, 2.4468317e-06
2.6298486, 2.8493782e-06
2.6460822, 1.9460655e-06
2.6623158, 2.203118e-06
2.6785495, 2.3733324e-06
2.6947831, 2.026514e-06
2.7110167, 1.9750663e-06
2.7272504, 1.2210613e-06
2.743484, 1.1061881e-06
2.7597176, 2.0722447e-06
2.7759513, 2.558031e-06
2.7921849, 2.3616802e-06
2.8084185, 1.5427014e-06
2.8246522, 2.0235057e-06
2.8408858, 1.8139664e-06
2.8571194, 1.2402432e-06
2.8733531, 7.4657745e-07
2.8895867, 5.2051743e-07
2.9058203, 9.3867499e-07
2.922054, 1.2404058e-06
2.9382876, 1.2702221e-06
2.9545212, 7.8684475e-07
2.9707549, 7.5247236e-07
2.9869885, 8.2763406e-07
3.0032221, 1.0692326e-06
3.0194558, 1.1170765e-06
3.0356894, 5.1548451e-07
3.051923, 2.2332698e-07
3.0681567, 2.0507977e-07
3.0843903, 2.8804278e-07
3.1006239, 5.4280982e-07
3.1168576, 3.166069e-07
3.1330912, 1.6772966e-07
3.1493248, 3.0872583e-07
3.1655585, 5.4093459e-07
3.1817921, 4.6023802e-07
3.1980257, 2.0367765e-07
3.2142594, 7.2215565e-08
3.230493, 9.7764431e-08
3.2467266, 1.9374651e-07
