# Ovr(Phi.Eta.Rn.Rn)
# H0
# Exp0
#      Time            CPU <Ovr(Phi.Eta.Rn.Rn)>                <H0>              <Exp0>
      -220.639964782           0                   1     -0.499999999852                   1
      -215.123965662       4.783      0.999999999883     -0.499999316446      0.999999999883
      -209.607966543       9.557      0.999999999762     -0.499982516549      0.999999999762
      -204.091967423       14.37      0.999999999566     -0.499908591305      0.999999999566
      -198.575968304       19.19       0.99999999863     -0.499723654038       0.99999999863
      -193.059969184       24.05      0.999999995751     -0.499339750318      0.999999995751
      -187.543970065       28.96      0.999999990782     -0.498638810682      0.999999990784
      -182.027970945       33.87       0.99999998468     -0.497490827114      0.999999984682
      -176.511971826       38.83      0.999999978477     -0.495802771464       0.99999997848
      -170.995972706        43.8      0.999999972945     -0.493436741658      0.999999972947
      -170.475972706        43.8      0.999999972467     -0.493168479143      0.999999972469
      -165.479973587        48.8      0.999999968294     -0.490129469322      0.999999968297
      -159.963974467       53.78      0.999999964656     -0.485842245327      0.999999964658
      -154.447975347        58.8      0.999999961991     -0.480505669783      0.999999961993
      -148.931976228       63.85      0.999999960075     -0.473801959991      0.999999960076
      -143.415977108       68.91      0.999999958184     -0.465716807984      0.999999958186
      -137.899977989          74      0.999999955115     -0.456159690244      0.999999955118
      -132.383978869       79.09       0.99999994861       -0.4450989818      0.999999948614
       -126.86797975        84.2      0.999999934593     -0.432450176223      0.999999934599
       -121.35198063        89.4      0.999999904142     -0.418081695168      0.999999904153
       -120.31198063       89.84      0.999999895636     -0.415203616644      0.999999895649
      -115.835981511       94.69       0.99999984812     -0.402243065753      0.999999848137
      -110.319982391       99.99      0.999999775606     -0.384868878066      0.999999775624
      -104.803983272       105.3      0.999999705936     -0.366010668409      0.999999705955
       -99.287984152         111      0.999999554599     -0.345876798138       0.99999955465
      -93.7719850325       116.5       0.99999914524      -0.32453694957      0.999999145356
      -88.2559859129       121.9      0.999998228313     -0.302286153599       0.99999822855
      -82.7399867934       127.4      0.999996317861     -0.279229022538      0.999996318337
      -77.2239876739       132.9      0.999991905242      -0.25569424583      0.999991906311
      -71.7079885543       138.6      0.999982058622      -0.23189849002      0.999982060761
      -70.1479885543         139      0.999977788024     -0.225159847605      0.999977790571
      -66.1919894348       144.5      0.999962806509      -0.20811614859      0.999962810399
      -60.6759903152       150.7      0.999926991449     -0.184698937089      0.999926998307
      -55.1599911957       156.5      0.999864281043     -0.161869893564      0.999864292275
      -49.6439920761       162.5      0.999760411606     -0.139996111192      0.999760429339
      -44.1279929566       168.7      0.999596986791      -0.11936365984      0.999597013258
      -38.6119938371       175.1      0.999352859294     -0.100243892745      0.999352897058
      -33.0959947175       181.5      0.999004414881    -0.0829558933547      0.999004466665
       -27.579995598         188      0.998528570017    -0.0677655608547      0.998528638134
      -22.0639964784       194.5      0.997903079705    -0.0548825566758      0.997903166247
      -19.9839964784       196.2      0.997625071811    -0.0506792299233      0.997625165664
      -16.5479973589       200.9      0.997112209985    -0.0445350512821      0.997112316295
      -11.0319982393       207.3      0.996145763966    -0.0369062844281        0.9961458905
      -5.51599911979       213.7      0.995002792149      -0.03211240212      0.995002938387
  -2.43993270033e-10       220.1      0.993692074844    -0.0302400463271      0.993692239276
        5.5159991193       226.5      0.992231713098    -0.0313203107474      0.992231893232
       11.0319982388       232.9      0.990649395347    -0.0353363231114      0.990649587912
       16.5479973584       239.3      0.988979828028    -0.0422256783919      0.988980028932
       22.0639964779       245.7      0.987262689186    -0.0518715264121      0.987262893952
       27.5799955975       252.1      0.985540583424    -0.0641005581978      0.985540787465
       30.1799955975       253.5      0.984739332586    -0.0707134916673      0.984739534662
        33.095994717       258.5      0.983855912245    -0.0787196125977      0.983856111012
       38.6119938366       265.1       0.98224787959    -0.0954944472206      0.982248068919
       44.1279929561       271.5      0.980750783598     -0.114136991818      0.980750960047
       49.6439920757       277.8      0.979391721352     -0.134372679356       0.97939188225
       55.1599911952       284.2      0.978189418373     -0.155880951808      0.978189561498
       60.6759903147       290.6      0.977154078218     -0.178339073056      0.977154202126
       66.1919894343         297      0.976287686206     -0.201445083234      0.976287790345
       71.7079885538       303.5      0.975583943713     -0.224840298563      0.975584028922
       77.2239876734       309.9      0.975029206631     -0.248273160029      0.975029275093
       80.3439876734       312.8        0.9747746694     -0.261398439026      0.974774729293
       82.7399867929       316.3      0.974605540086     -0.271402271447      0.974605593705
       88.2559859125       322.6      0.974293543761     -0.294012539403      0.974293583852
        93.771985032       328.9      0.974073355323     -0.315829919077      0.974073383572
       99.2879841515       335.3      0.973924608997     -0.336667233016      0.973924628131
       104.803983271       341.7      0.973828039137     -0.356335270218      0.973828051701
       110.319982391         348        0.9737679498      -0.37470605159      0.973767957701
        115.83598151       354.4      0.973732716551     -0.391658295482      0.973732721199
        121.35198063       360.8      0.973713176681     -0.407117140226      0.973713179338
       126.867979749       367.1      0.973702747082     -0.421028240358      0.973702748534
       130.507979749         370      0.973698854513     -0.429356474854      0.973698855467
       132.383978869       373.5      0.973697456114     -0.433383073213      0.973697456878
       137.899977988       379.9      0.973694919971     -0.444181934298      0.973694920358
       143.415977108       386.3       0.97369376699     -0.453475358931      0.973693767177
       148.931976227       392.6      0.973693253343     -0.461329257929       0.97369325343
       154.447975347       398.9      0.973693031958     -0.467830228437      0.973693031998
       159.963974467       405.2      0.973692938725     -0.473097707414      0.973692938745
       165.479973586       411.4      0.973692897255     -0.477246800636      0.973692897266
       170.995972706       417.5      0.973692879105     -0.480423648166      0.973692879111
       176.511971825       423.5      0.973692870991     -0.482766845186      0.973692870994
       180.671971825       427.3      0.973692868445     -0.484067175008      0.973692868447
       182.027970945       429.4      0.973692867842     -0.484416437256      0.973692867844
       187.543970064       435.2      0.973692866343      -0.48551675396      0.973692866345
       193.059969184         441       0.97369286553     -0.486198585491      0.973692865531
       198.575968303       446.6      0.973692864864     -0.486578345006      0.973692864865
       204.091967423       452.2       0.97369286442     -0.486760636147      0.973692864421
       209.607966542       457.6      0.973692864214     -0.486829298053      0.973692864215
       215.123965662       462.9      0.973692864093     -0.486845203066      0.973692864093
       220.639964782       468.1      0.973692863962     -0.486846258775      0.973692863962
       226.155963901       472.3      0.973692863819     -0.486846258798       0.97369286382
       230.835963901       474.5       0.97369286369      -0.48684625881      0.973692863691
       231.671963021       476.4      0.973692863671     -0.486846258811      0.973692863672
        237.18796214       480.6      0.973692863416     -0.486846258859      0.973692863417
        242.70396126       484.8       0.97369286275     -0.486846259136      0.973692862751
       248.219960379       488.9      0.973692859807     -0.486846259667      0.973692859808
       253.735959499       493.1      0.973692854402     -0.486846260095      0.973692854404
       259.251958619       497.2      0.973692847909     -0.486846260288      0.973692847912
       264.767957738       501.4      0.973692841535     -0.486846260285      0.973692841538
       270.283956858       505.5      0.973692835991     -0.486846260173      0.973692835994
       275.799955977       509.6      0.973692831496      -0.48684626001      0.973692831499
       280.999955977       511.7      0.973692828171     -0.486846259849      0.973692828174
       281.315955097       513.8      0.973692827997     -0.486846259841      0.973692828001
       286.831954216         518      0.973692825427     -0.486846259686       0.97369282543
       292.347953336       522.1      0.973692823517      -0.48684625955       0.97369282352
       297.863952455       526.3       0.97369282216     -0.486846259438      0.973692822163
       303.379951575       530.4      0.973692821115     -0.486846259341      0.973692821118
       308.895950694       534.6      0.973692820295     -0.486846259259      0.973692820297
       314.411949814       538.8      0.973692819583     -0.486846259185      0.973692819586
       319.927948934       542.9      0.973692819014     -0.486846259113      0.973692819016
       325.443948053         547      0.973692818518     -0.486846259047      0.973692818521
       330.959947173       551.2       0.97369281814     -0.486846258985      0.973692818142
