# 
# 
# kRn: sum[Phi,Eta,specRn] density
0.85731354, 0.031367654
0.86641895, 0.04107443
0.87552436, 0.053831114
0.88462976, 0.061621655
0.89373517, 0.059653958
0.90284058, 0.050680096
0.91194599, 0.043338038
0.92105139, 0.045285299
0.9301568, 0.056608345
0.93926221, 0.069254348
0.94836762, 0.073578146
0.95747302, 0.066863819
0.96657843, 0.056040068
0.97568384, 0.051539206
0.98478925, 0.057769915
0.99389465, 0.069057988
1.0030001, 0.074923706
1.0121055, 0.070068195
1.0212109, 0.059439287
1.0303163, 0.053102586
1.0394217, 0.056191869
1.0485271, 0.064089676
1.0576325, 0.067489387
1.0667379, 0.062104714
1.0758433, 0.052810837
1.0849487, 0.04793526
1.0940541, 0.05031044
1.1031595, 0.054739719
1.112265, 0.054234218
1.1213704, 0.047801598
1.1304758, 0.0409758
1.1395812, 0.039029142
1.1486866, 0.04111832
1.157792, 0.041913556
1.1668974, 0.038254596
1.1760028, 0.032578619
1.1851082, 0.029362374
1.1942136, 0.029563769
1.203319, 0.029958357
1.2124244, 0.027661144
