# Ovr(Phi.Eta.Rn.Rn)
# H0
# Exp0
# Exp1
#      Time            CPU <Ovr(Phi.Eta.Rn.Rn)>                <H0>              <Exp0>              <Exp1>
      -454.544553232           0                   1     -0.505816409691  -9.64780065185e-12                   1
      -448.533795059   4.534e-06      0.999999999966     -0.505816409674   5.17340692471e-11      0.999999999966
      -442.533586832   4.534e-06      0.999999999932     -0.505816409657   2.20260014102e-09      0.999999999932
      -436.534585579   4.534e-06      0.999999999898      -0.50581640964  -2.13727740238e-07      0.999999999898
       -430.53730797   4.534e-06      0.999999999864     -0.505816409618  -5.82847980245e-06      0.999999999864
      -424.542304317       1.518       0.99999999983     -0.505816409353  -2.56024819035e-05       0.99999999983
      -418.550539958       1.518      0.999999999796     -0.505816407853  -4.99262967585e-05      0.999999999796
       -412.56275566       1.518      0.999999999762     -0.505816403703  -6.43469969574e-05      0.999999999762
      -406.573936729       1.518      0.999999999728     -0.505816397302  -5.04355212892e-05      0.999999999728
      -400.581394007       1.518      0.999999999694     -0.505816393643  -5.88396161945e-06      0.999999999694
      -399.384562037       3.224      0.999999999687     -0.505816393539   5.71770660083e-06      0.999999999687
        -394.6141837       3.505      0.999999999661     -0.505816396244    5.5056563586e-05      0.999999999661
      -388.616181568       3.505      0.999999999627     -0.505816402141   0.000117997016301      0.999999999627
       -382.61676863       3.505      0.999999999592     -0.505816399673   0.000181050576136      0.999999999592
       -376.61631833       3.505      0.999999999555     -0.505816366965   0.000237491307095      0.999999999555
      -370.615402398       3.505      0.999999999509     -0.505816291517   0.000268770034627      0.999999999509
      -364.614522174       3.505      0.999999999442     -0.505816163332   0.000246210121032      0.999999999442
      -358.614022526       5.508      0.999999999344     -0.505816014433   0.000165857838114      0.999999999343
      -352.614609523       5.508      0.999999999214     -0.505815951578   3.55171321855e-05      0.999999999214
      -346.616598425       5.508      0.999999999081     -0.505815992933  -0.000138367826704      0.999999999081
      -344.224570841       6.628      0.999999999037     -0.505816041765  -0.000204399719006      0.999999999037
      -340.633180531       6.628      0.999999998987     -0.505816104863  -0.000322380082244      0.999999998987
      -334.640439686       6.628      0.999999998934     -0.505816272963  -0.000486495184963      0.999999998934
      -328.651385193       7.503      0.999999998779     -0.505816283874  -0.000636289451635      0.999999998778
      -322.663780014       7.503      0.999999998138      -0.50581603107  -0.000720161968227      0.999999998135
      -316.672219006       7.503       0.99999999641     -0.505815479011   -0.00066858492249      0.999999996404
      -310.677418249       7.503      0.999999993029     -0.505814530861  -0.000527493667495      0.999999993018
      -304.680334573       7.503      0.999999987908     -0.505813762622  -0.000324875015534      0.999999987894
      -298.681409373       7.503      0.999999981854      -0.50581367814   2.92922190607e-06      0.999999981839
      -292.681368056       9.505      0.999999976502     -0.505813845724   0.000398325676528      0.999999976491
      -289.064579646       10.02      0.999999974322     -0.505814540679   0.000578915631462      0.999999974314
      -286.713842654       10.02      0.999999973428     -0.505814587913    0.00073691386028      0.999999973423
      -280.712945279       10.02      0.999999972463     -0.505815740518    0.00105908681576       0.99999997246
      -274.712295796       10.02      0.999999970187     -0.505815981708    0.00132292608702      0.999999970174
      -268.712575397       10.02      0.999999959544     -0.505815375267    0.00134104374008      0.999999959499
      -262.714199506        11.5       0.99999993202     -0.505813219655    0.00117248037111      0.999999931926
      -256.717812551        11.5      0.999999882152     -0.505809695895   0.000981950203865      0.999999882003
      -250.724071401        11.5      0.999999812515     -0.505808081503   0.000589276539912      0.999999812329
      -244.733789117        11.5      0.999999735841     -0.505807607632  -8.35251787916e-05      0.999999735658
      -238.746750893        11.5       0.99999967114     -0.505807541113  -0.000702044936719      0.999999671007
       -233.90458845        13.4      0.999999638365     -0.505811206061   -0.00109744333961      0.999999638289
      -232.752484903        13.4      0.999999633485     -0.505811105841   -0.00120523079198      0.999999633422
      -226.874560681        13.5      0.999999621482     -0.505814524488   -0.00175918255642      0.999999621457
      -220.964714095        13.5      0.999999608829     -0.505815528232   -0.00205597834321      0.999999608751
      -215.156068129        13.5      0.999999551156     -0.505814134238   -0.00197046837053      0.999999550902
      -209.426748975        13.5      0.999999403706     -0.505807898944   -0.00197678238111      0.999999403177
      -203.528187689        13.5      0.999999130421     -0.505802658725   -0.00169470159504      0.999999129586
      -197.530211862        15.5      0.999998742422     -0.505799666612  -0.000797191611279       0.99999874138
      -191.534309711        15.5      0.999998312582     -0.505794490698   7.06524549389e-05       0.99999831155
      -185.540951388        15.5       0.99999794032     -0.505796817168   0.000705319629469      0.999997939536
      -179.750371179        15.5      0.999997711328     -0.505805336736     0.0015789834131      0.999997710905
      -178.744597255       16.85      0.999997686668     -0.505805836038    0.00165583301394      0.999997686306
      -174.119674612       16.85      0.999997621077     -0.505808183982    0.00231087993205      0.999997620924
      -168.793257721       17.49      0.999997589881     -0.505811968547    0.00253279288546      0.999997589718
      -163.078145778       17.49      0.999997475471     -0.505810557429    0.00300288524661      0.999997474881
      -157.516117403       17.49      0.999997124555     -0.505808586051    0.00282405469857      0.999997123165
      -151.682068296       17.49      0.999996380826     -0.505800038782    0.00199751019817       0.99999637842
      -146.146598328       17.49      0.999995319467     -0.505782728356    0.00171965889164      0.999995316273
      -140.162871491       17.49      0.999993940143     -0.505779832955   0.000935981110568      0.999993936666
       -134.16401014        19.5      0.999992602784     -0.505782221186  -0.000579845338851      0.999992599791
      -128.236687501        19.5      0.999991616042      -0.50578105679   -0.00164943293404      0.999991614103
      -123.584606059       20.49      0.999991173208     -0.505798050297   -0.00216112364515      0.999991172165
      -122.942865096       20.49       0.99999113431     -0.505797601838   -0.00222495570303      0.999991133376
      -116.436176565       20.49      0.999990943194     -0.505808090881   -0.00326512021755      0.999990942863
      -108.798288795       21.49      0.999990674087     -0.505806110633   -0.00381324804408      0.999990672806
      -100.867868734       21.49      0.999989360193     -0.505789659909   -0.00359136669929      0.999989356219
      -95.5118415595       21.49      0.999987557999     -0.505786974881   -0.00223745280914      0.999987552022
       -89.664473185       21.49      0.999984869555     -0.505764432045   -0.00127082647813      0.999984862159
      -83.7540870597       21.49       0.99998185563     -0.505754384095  -0.000741428102337      0.999981848259
      -77.7654766506       23.49      0.999979151995     -0.505767698232   0.000775607696229      0.999979146206
       -72.122102764       23.49      0.999977405889     -0.505768240439    0.00227399821109      0.999977402403
      -68.4246148639       24.37      0.999976758448     -0.505787311987    0.00257528578063      0.999976756407
      -65.2065184326       24.37      0.999976465022     -0.505781083877    0.00309932455083       0.99997646391
      -56.1454574636       24.37      0.999976085539     -0.505799891048    0.00379948050148      0.999976084158
      -46.9243157538       25.49      0.999974057869     -0.505787728469    0.00379661667536       0.99997405189
      -38.9005619803       25.49      0.999969551846     -0.505762358699       0.00268031679      0.999969541389
      -33.2234895795       25.49      0.999965196376     -0.505748727663     0.0007872952773      0.999965184541
      -27.3173433941       25.49      0.999960571991     -0.505731077132   4.69785398178e-05      0.999960561121
      -21.4329665943       27.49      0.999956812937     -0.505750730368   -0.00101476306272      0.999956805074
      -15.5147211698       27.49      0.999954480636      -0.50576626396   -0.00274853916839      0.999954476508
      -6.87186354227       28.38      0.999953382852     -0.505788129081   -0.00403765837892       0.99995338192
        2.3754398106       29.49      0.999952516568     -0.505778625868   -0.00441950786545      0.999952513085
       11.5049570565       29.49      0.999948562289     -0.505751680533   -0.00333055734015      0.999948552476
       18.7480988862       29.49      0.999942769622     -0.505725191953   -0.00238318809611       0.99994275626
       24.4106174833       29.49      0.999937542962     -0.505730931969  -0.000877096843998      0.999937529529
       30.4081033627       31.49       0.99993254714     -0.505727804081    0.00112672180661      0.999932536324
        36.113923575       31.49      0.999929158526     -0.505731046866    0.00186779242343      0.999929151686
       42.8101024951       32.35      0.999927190719     -0.505760188807    0.00290049807373      0.999927188148
       51.6670478829       32.35      0.999926566345     -0.505772724698    0.00360874826681      0.999926565196
       60.9317354092       33.49      0.999924904947     -0.505767436017    0.00313571157111      0.999924899543
       68.7225695738       33.49      0.999920833004     -0.505747793882     0.0021014294568      0.999920822922
        74.905596454       33.49      0.999916156471     -0.505720839638    0.00155402633948       0.99991614458
       80.7432542593       33.49      0.999911523545     -0.505720624586    0.00069247868045      0.999911512402
       86.7324555359       33.49      0.999907543254     -0.505729415038   -0.00115873527397      0.999907534965
       92.5182670557       35.49      0.999905032021     -0.505729352997   -0.00219232727903      0.999905027271
       97.0553587224       36.19      0.999904011952     -0.505752369742   -0.00267791100185      0.999904009569
       98.1361611724       36.19      0.999903869791     -0.505751187259   -0.00271715096631      0.999903867844
       105.146582695       36.19      0.999903464816     -0.505763134785   -0.00354695363398      0.999903464085
        113.18807241       36.19      0.999902803342     -0.505757328274   -0.00360298465777      0.999902800724
       120.329920382       37.48       0.99990089213     -0.505742811781    -0.0031510189892      0.999900886567
       125.627330312       37.48       0.99989859496     -0.505742722557   -0.00176116997099      0.999898587756
       131.207286111       37.48      0.999895741566     -0.505728318083  -0.000717580715061      0.999895733885
       137.195153248       37.48      0.999892791475     -0.505723494082  -0.000151073743636      0.999892784842
       143.182080115       37.48      0.999890523167     -0.505734776116    0.00106292125526      0.999890518653
       149.058550436       39.48      0.999889209633     -0.505739700657    0.00215745357663       0.99988920733
       152.215349918       39.97      0.999888846139     -0.505748893525    0.00232281106556      0.999888844771
       154.498812557       39.97      0.999888694729     -0.505747027811    0.00241968886487      0.999888693854
         160.1910099       39.97      0.999888535656     -0.505756834237    0.00293874536218      0.999888535246
       166.116640341       39.97      0.999888339351     -0.505757716909    0.00296895691547      0.999888338382
       171.661181741       39.97      0.999887821125     -0.505754645393    0.00218312921439      0.999887819107
       177.038221189       41.48      0.999886919929     -0.505744599714    0.00200144948257      0.999886916933
       182.752396167       41.48      0.999885642115     -0.505739566187    0.00144372389291      0.999885638574
        188.74583872       41.48      0.999884217719     -0.505738746854   0.000199189357494      0.999884214361
       194.746187717       41.48      0.999883005718     -0.505736350811   -0.00064998382949      0.999883003176
       200.747192808       41.48      0.999882195579     -0.505741507559   -0.00115603079759      0.999882194092
       206.647328063       41.48      0.999881800975     -0.505749532924   -0.00180015668754      0.999881800348
       207.375341113       43.51      0.999881774437     -0.505749948191    -0.0018089450459      0.999881773889
       212.495077629       43.51      0.999881673535     -0.505752792716   -0.00209865192453      0.999881673335
       218.307125382       43.51      0.999881624313     -0.505754610303   -0.00194470864936      0.999881624094
       224.034702215       43.51      0.999881503244     -0.505753897639   -0.00194162821285      0.999881502727
        229.90480101       43.51      0.999881234878     -0.505751362252   -0.00164737221953      0.999881234002
        235.88112358       43.51      0.999880834353     -0.505749599626  -0.000868921216483      0.999880833263
       241.877675636       45.48      0.999880390831     -0.505746629637  -0.000229579399275      0.999880389772
       247.876586572       45.48       0.99988000386     -0.505746085366   0.000197066464737      0.999880003037
        253.87658006       45.48      0.999879736144     -0.505748852237   0.000732960544834      0.999879735642
       259.877375724       45.48      0.999879595525     -0.505751052099     0.0011626227648        0.9998795953
       262.535332309       46.98      0.999879565282     -0.505752543344    0.00122860030897      0.999879565142
       265.867176642       46.98      0.999879545349     -0.505752992261    0.00128188390994      0.999879545278
       271.867887427       47.47      0.999879531363     -0.505754761571    0.00131771487406       0.99987953132
       277.867931833       47.47      0.999879509188     -0.505754781869    0.00126006708658      0.999879509093
       283.866618341       47.47      0.999879458841     -0.505754250742   0.000917490376083      0.999879458677
       289.863508218       47.47      0.999879384613     -0.505753299063   0.000486253347506      0.999879384412
       295.857823883       47.47      0.999879304319     -0.505752368594   0.000179087569947      0.999879304129
       301.848806204       47.47      0.999879236248     -0.505752489777  -0.000125544438023      0.999879236105
       307.836133353       49.48      0.999879190414     -0.505753153021  -0.000447903358747      0.999879190329
       313.825941299       49.48       0.99987916662     -0.505753824724  -0.000632021105823      0.999879166582
       317.695323504       50.45      0.999879159827     -0.505754469991  -0.000695354731707      0.999879159808
       319.813797195       50.45      0.999879157905     -0.505754609852  -0.000694974646774      0.999879157893
       325.810068926       50.45      0.999879155625     -0.505755098349  -0.000697190416467       0.99987915562
       331.808257618       50.45        0.9998791535     -0.505755185288  -0.000581330654819      0.999879153491
        337.80799819       51.47      0.999879149028     -0.505755084784  -0.000383288452294      0.999879149014
       343.808550803       51.47      0.999879142714     -0.505754896115  -0.000208950465793      0.999879142697
       349.809563777       51.47      0.999879136301     -0.505754793587  -5.55085837943e-05      0.999879136287
       355.810532404       51.47      0.999879131261     -0.505754842392   0.000102242593891      0.999879131251
       361.810905959       51.47      0.999879128127     -0.505754950974   0.000218318164928      0.999879128121
       367.810341481       53.48      0.999879126609     -0.505755085687   0.000266988623892      0.999879126607
         372.8553147        53.9       0.99987912611     -0.505755187603   0.000267273506248      0.999879126109
       373.777934696        53.9      0.999879126062     -0.505755198956   0.000260691643203      0.999879126061
       379.773109406        53.9      0.999879125901     -0.505755251371   0.000213896761059        0.9998791259
       385.765284384        53.9        0.9998791258      -0.50575526367   0.000143969667818      0.999879125799
       391.753432723        53.9       0.99987912566     -0.505755259431   7.82231461689e-05       0.99987912566
       397.741915124        53.9      0.999879125502     -0.505755254043   2.31219068124e-05      0.999879125502
       403.734373512       55.47      0.999879125365      -0.50575525479      -2.5468196e-05      0.999879125365
       409.729737681       55.47      0.999879125267     -0.505755260049  -6.02155459176e-05      0.999879125267
       415.727346842       55.47      0.999879125202     -0.505755265622  -6.30360610275e-05      0.999879125202
       421.726652583       55.47      0.999879125157      -0.50575526847  -4.10964267503e-05      0.999879125157
       427.726943435       55.47       0.99987912512     -0.505755269141  -1.39504569744e-05       0.99987912512
       433.728658783       57.47      0.999879125085     -0.505755269172   2.97551983646e-06      0.999879125085
       439.729639276       57.47      0.999879125051      -0.50575526915   4.17150606352e-06      0.999879125051
       445.730327841       57.47      0.999879125017     -0.505755269133  -3.48228595817e-06      0.999879125017
       451.730110368       57.47      0.999879124982     -0.505755269116  -5.23247587344e-06      0.999879124982
       457.729163663       58.92      0.999879124948     -0.505755269098    5.2037339969e-07      0.999879124948
       463.725642308       58.92      0.999879124914     -0.505755269081   3.59554014277e-06      0.999879124914
        469.71933464       59.47       0.99987912488     -0.505755269064   3.96205884567e-06       0.99987912488
       475.709616823       59.47      0.999879124847     -0.505755269047  -1.80678060542e-06      0.999879124847
       481.696809777       59.47      0.999879124813      -0.50575526903   -5.8655733441e-06      0.999879124813
       487.687420915       59.47      0.999879124779     -0.505755269013  -8.77774943939e-07      0.999879124779
       493.681520512       59.47      0.999879124745     -0.505755268996   5.05535008965e-06      0.999879124745
       499.678092953       59.47      0.999879124711     -0.505755268978   2.73355971182e-06      0.999879124711
       505.676681285       59.47      0.999879124677     -0.505755268961  -6.64507849778e-07      0.999879124677
       509.704544428       61.17      0.999879124654      -0.50575526895  -4.11277744502e-06      0.999879124654
       511.619105374       61.17      0.999879124643     -0.505755268944  -5.32882548675e-06      0.999879124643
       517.619935381       61.46      0.999879124609     -0.505755268927  -2.31488603856e-06      0.999879124609
       523.621014276       61.46      0.999879124575      -0.50575526891   4.63413796385e-06      0.999879124575
       529.621739986       61.46      0.999879124541     -0.505755268892   4.42730570285e-06      0.999879124541
       535.621809632       61.46      0.999879124507     -0.505755268875  -2.04631893258e-06      0.999879124507
        541.62049591       61.46      0.999879124473     -0.505755268858  -3.79927244205e-06      0.999879124473
       547.617415889       61.46      0.999879124439     -0.505755268841  -3.10969480731e-06      0.999879124439
       553.611757818       61.46      0.999879124405     -0.505755268823   3.50244305311e-06      0.999879124405
       559.602757098       61.46      0.999879124371     -0.505755268806   5.41654690581e-06      0.999879124371
       564.864535623       63.44      0.999879124342     -0.505755268791  -1.01254519609e-07      0.999879124342
       565.532046346       63.46      0.999879124338     -0.505755268789  -1.05025496335e-06      0.999879124338
       571.522870915       63.46      0.999879124304     -0.505755268772  -5.16120258685e-06      0.999879124304
       577.517102027       63.46       0.99987912427     -0.505755268755  -1.91114159493e-06       0.99987912427
       583.513845159       63.46      0.999879124236     -0.505755268738   2.03423773093e-06      0.999879124236
       589.512442497       63.46      0.999879124202     -0.505755268721   5.26792792042e-06      0.999879124202
       595.512443809       63.46      0.999879124168     -0.505755268704   7.23950773145e-07      0.999879124168
       601.513124842       63.46      0.999879124133     -0.505755268686   -5.8129277071e-06      0.999879124133
       607.514223838       63.46      0.999879124099     -0.505755268669  -2.68040026811e-06      0.999879124099
       613.515058984       63.46      0.999879124065     -0.505755268652   2.81832382711e-06      0.999879124065
       619.515287332       65.46      0.999879124031     -0.505755268634   4.18935603161e-06      0.999879124031
       620.024526819        65.7      0.999879124029     -0.505755268633   4.21653970494e-06      0.999879124029
        625.52455665        65.7      0.999879123994     -0.505755268616    1.4462582311e-06      0.999879123994
       631.522003864        65.7       0.99987912396     -0.505755268598   -4.4647031425e-06       0.99987912396
       637.517106737        65.7      0.999879123926     -0.505755268581  -4.72394507016e-06      0.999879123926
       643.509065713        65.7      0.999879123892     -0.505755268564   3.30838466678e-06      0.999879123892
       649.497066678        65.7      0.999879123858     -0.505755268547   4.46207822618e-06      0.999879123858
       655.485782282        65.7      0.999879123825      -0.50575526853   1.09340583451e-06      0.999879123825
       661.478321694        65.7      0.999879123791     -0.505755268513  -3.52025971418e-06      0.999879123791
       667.473874773       67.46      0.999879123757     -0.505755268496  -4.54022132944e-06      0.999879123757
       673.471538359       67.46      0.999879123723     -0.505755268479   1.01752076749e-06      0.999879123723
       675.184518014       67.97      0.999879123712     -0.505755268473   3.31347153935e-06      0.999879123712
       679.420768674       67.97      0.999879123689     -0.505755268461   6.34979432601e-06      0.999879123689
       685.421273045       67.97      0.999879123655     -0.505755268444   7.57614518395e-07      0.999879123655
       691.422330203       67.97      0.999879123621     -0.505755268427  -3.41865087194e-06      0.999879123621
       697.423256884       67.97      0.999879123587      -0.50575526841  -4.05532316546e-06      0.999879123587
       703.423737462       67.97      0.999879123552     -0.505755268392   1.78572959942e-07      0.999879123552
       709.423186435       67.97      0.999879123518     -0.505755268375   5.26040015214e-06      0.999879123518
       715.421046478       69.46      0.999879123484     -0.505755268358   3.17581314077e-06      0.999879123484
       721.416830616       69.46       0.99987912345     -0.505755268341  -4.68646482871e-06       0.99987912345
       727.409596946       69.46      0.999879123416     -0.505755268324   -3.7835682048e-06      0.999879123416
       730.344509209       70.22        0.9998791234     -0.505755268315  -2.03592218806e-06        0.9998791234
       733.336919235       70.22      0.999879123383     -0.505755268307   1.73858820044e-07      0.999879123383
       739.325839098       70.22      0.999879123349      -0.50575526829   4.17664962947e-06      0.999879123349
       745.318466343       70.22      0.999879123316     -0.505755268273   3.85167199461e-06      0.999879123316
        751.31411017       70.22      0.999879123282     -0.505755268255  -3.02810733436e-06      0.999879123282
       757.311841063       70.22      0.999879123247     -0.505755268238   -5.6873335406e-06      0.999879123247
       763.311242461       71.45      0.999879123213     -0.505755268221   6.43657426514e-07      0.999879123213
       769.311634514       71.45      0.999879123179     -0.505755268204   4.20244203268e-06      0.999879123179
       775.312559504       71.45      0.999879123145     -0.505755268186   3.06666457123e-06      0.999879123145
       781.313631381       71.45      0.999879123111     -0.505755268169  -1.34957040854e-06      0.999879123111
       785.504500405       72.49      0.999879123088     -0.505755268157  -5.06125857998e-06      0.999879123088
       787.266166569       72.49      0.999879123077     -0.505755268152  -5.96635535358e-06      0.999879123077
       793.265624867       72.49      0.999879123043     -0.505755268135  -9.29294684613e-07      0.999879123043
       799.263424317       72.49      0.999879123009     -0.505755268117   5.10966400172e-06      0.999879123009
       805.259141686       72.49      0.999879122975       -0.5057552681   3.18322366255e-06      0.999879122975
       811.251831826       73.45      0.999879122941     -0.505755268083  -1.77465272807e-06      0.999879122941
       817.240773624       73.45      0.999879122907     -0.505755268066  -4.25934030745e-06      0.999879122907
        823.22860175       73.45      0.999879122874     -0.505755268049  -2.89284738829e-06      0.999879122874
       829.220366529       73.45       0.99987912284     -0.505755268032   4.95278927976e-06       0.99987912284
       835.215363408       73.45      0.999879122806     -0.505755268015    4.3313204862e-06      0.999879122806
         840.6644916       74.73      0.999879122775     -0.505755267999  -1.40832067144e-06      0.999879122775
       841.219657417       74.73       0.99987912277     -0.505755267997  -1.90805855348e-06       0.99987912277
       847.218674817       74.73      0.999879122736     -0.505755267979  -4.57672572015e-06      0.999879122736
       853.218818922       74.73      0.999879122702     -0.505755267962  -1.88621468848e-06      0.999879122702
       859.219642801       75.45      0.999879122668     -0.505755267945   2.61699263563e-06      0.999879122668
       865.220736678       75.45      0.999879122633     -0.505755267928    5.8525547123e-06      0.999879122633
       871.221455297       75.45      0.999879122599      -0.50575526791  -1.31803407472e-06      0.999879122599
       877.221517164       75.45      0.999879122565     -0.505755267893  -5.30036456505e-06      0.999879122565
       883.220194722       75.45      0.999879122531     -0.505755267876  -1.90245567994e-06      0.999879122531
       889.217082613       75.45      0.999879122497     -0.505755267859   2.84819266254e-06      0.999879122497
       895.211411815       75.45      0.999879122463     -0.505755267841   4.39069606273e-06      0.999879122463
       895.824482796          77       0.99987912246      -0.50575526784   4.44462820501e-06       0.99987912246
        901.15428104          77       0.99987912243     -0.505755267824    1.1009083254e-06       0.99987912243
       907.141500011       77.45      0.999879122396     -0.505755267807  -5.87796743175e-06      0.999879122396
        913.13217908       77.45      0.999879122362      -0.50575526779  -2.99747254262e-06      0.999879122362
       919.126337736       77.45      0.999879122328     -0.505755267773   3.41134019962e-06      0.999879122328
       925.122963199       77.45      0.999879122294     -0.505755267756   4.05401757823e-06      0.999879122294
       931.121548034       77.45       0.99987912226     -0.505755267739   1.01878795891e-06       0.99987912226
       937.121455701       77.45      0.999879122226     -0.505755267721  -4.17215325096e-06      0.999879122226
       943.122131644       77.45      0.999879122192     -0.505755267704  -4.59403440244e-06      0.999879122192
       949.123228057       77.45      0.999879122158     -0.505755267687   2.85100187954e-06      0.999879122158
       955.124451609       79.26      0.999879122124      -0.50575526767   5.37557162834e-06      0.999879122124
       961.124767524       79.44      0.999879122089     -0.505755267652   1.10934189967e-07      0.999879122089
       967.123847502       79.44      0.999879122055     -0.505755267635  -3.24383273764e-06      0.999879122055
       973.121259475       79.44      0.999879122021     -0.505755267618  -4.44574155255e-06      0.999879122021
       979.116351589       79.44      0.999879121987     -0.505755267601   1.24370597478e-06      0.999879121987
       985.108268159       79.44      0.999879121954     -0.505755267584   5.87499851614e-06      0.999879121954
       991.096220199       79.44       0.99987912192     -0.505755267567   1.52021281869e-06       0.99987912192
       997.084992635       79.44      0.999879121886     -0.505755267549  -4.69151890165e-06      0.999879121886
        1003.0775553       79.44      0.999879121852     -0.505755267532  -3.08708568071e-06      0.999879121852
       1006.14446519       81.57      0.999879121835     -0.505755267524  -1.69358641705e-06      0.999879121835
       1009.02273339       81.57      0.999879121819     -0.505755267515  -4.52828786354e-08      0.999879121819
       1015.02086425       81.57      0.999879121784     -0.505755267498   5.30840241097e-06      0.999879121784
        1021.0205526       81.57       0.99987912175     -0.505755267481   2.91584695982e-06       0.99987912175
       1027.02106098       81.57      0.999879121716     -0.505755267464  -4.20895899654e-06      0.999879121716
       1033.02212159       81.57      0.999879121682     -0.505755267446  -4.69432417187e-06      0.999879121682
       1039.02305121       81.57      0.999879121648     -0.505755267429   1.34822081321e-06      0.999879121648
        1045.0235138       81.57      0.999879121614     -0.505755267412   3.71172698282e-06      0.999879121614
       1051.02296469       81.57       0.99987912158     -0.505755267394   3.66287428535e-06       0.99987912158
       1057.02080446       83.44      0.999879121546     -0.505755267377  -3.00427542287e-06      0.999879121546
       1061.30445638       83.82      0.999879121522     -0.505755267365  -5.78571006522e-06      0.999879121522
       1063.02068272       83.82      0.999879121511      -0.50575526736  -5.66205145483e-06      0.999879121511
       1069.01348812       83.82      0.999879121477     -0.505755267342   5.24693164135e-07      0.999879121477
       1075.00260925       83.82      0.999879121443     -0.505755267325   4.91780775494e-06      0.999879121443
       1080.99029507       83.82      0.999879121409     -0.505755267308    2.4289141755e-06      0.999879121409
          1086.98194       83.82      0.999879121376     -0.505755267291  -1.56576511323e-06      0.999879121376
       1092.97683165       83.82      0.999879121342     -0.505755267274   -5.4069757727e-06      0.999879121342
       1098.97399941       83.82      0.999879121308     -0.505755267257   -1.3373472326e-06      0.999879121308
       1104.97301811       85.44      0.999879121274      -0.50575526724   5.62032740669e-06      0.999879121274
       1110.97315686       85.44      0.999879121239     -0.505755267222    3.0294276891e-06      0.999879121239
       1116.46444758       86.08      0.999879121208     -0.505755267206  -1.96083514896e-06      0.999879121208
       1116.93436734       86.08      0.999879121206     -0.505755267205  -2.18210328296e-06      0.999879121206
       1122.93534521       86.08      0.999879121171     -0.505755267188  -4.31554564138e-06      0.999879121171
       1128.93606904       86.08      0.999879121137     -0.505755267171  -2.06903221176e-06      0.999879121137
       1134.93585105       86.08      0.999879121103     -0.505755267153   4.13690120432e-06      0.999879121103
       1140.93426103       86.08      0.999879121069     -0.505755267136   5.13168288175e-06      0.999879121069
       1146.93074309       86.08      0.999879121035     -0.505755267119  -2.72768697394e-06      0.999879121035
       1152.92447135       87.44      0.999879121001     -0.505755267102  -4.43158381733e-06      0.999879121001
       1158.91479512       87.44      0.999879120967     -0.505755267085  -1.73661816236e-06      0.999879120967
       1164.90197698       87.44      0.999879120934     -0.505755267068   3.15887115181e-06      0.999879120934
       1170.89255406       87.44        0.9998791209     -0.505755267051   4.87613455659e-06        0.9998791209
       1176.88867644       88.34      0.999879120865     -0.505755267033  -3.90622675725e-07      0.999879120865
       1182.88520148       88.34      0.999879120831     -0.505755267016  -6.28335124746e-06      0.999879120831
       1188.88376735       88.34      0.999879120797     -0.505755266999   -1.2755438363e-06      0.999879120797
       1194.88358782       88.34      0.999879120763     -0.505755266982   2.97531611112e-06      0.999879120763
       1200.88428622       89.43      0.999879120729     -0.505755266964   4.31395997426e-06      0.999879120729
       1206.88533166       89.43      0.999879120695     -0.505755266947    4.5953420001e-07      0.999879120695
       1212.88619415       89.43      0.999879120661      -0.50575526693  -5.21168652842e-06      0.999879120661
       1218.88654018       89.43      0.999879120627     -0.505755266912  -3.59395628987e-06      0.999879120627
       1224.88565448       89.43      0.999879120593     -0.505755266895   4.17518711686e-06      0.999879120593
       1226.78442997       90.59      0.999879120582      -0.50575526689   4.85730834669e-06      0.999879120582
       1230.82721023       90.59      0.999879120559     -0.505755266878   4.00894059075e-06      0.999879120559
       1236.82161561       90.59      0.999879120525     -0.505755266861   4.11613644567e-07      0.999879120525
       1242.81278396       90.59      0.999879120491     -0.505755266844  -3.97394779341e-06      0.999879120491
       1248.80013962       91.43      0.999879120457     -0.505755266827  -4.34613386958e-06      0.999879120457
       1254.78980252       91.43      0.999879120424      -0.50575526681   2.61078747274e-06      0.999879120424
       1260.78317205       91.43       0.99987912039     -0.505755266793   5.73065931872e-06       0.99987912039
       1266.77922606       91.43      0.999879120356     -0.505755266775  -1.15958420265e-08      0.999879120356
         1272.777348       91.43      0.999879120322     -0.505755266758  -3.95667835766e-06      0.999879120322
       1278.77700418       91.43      0.999879120288     -0.505755266741  -3.45952640221e-06      0.999879120288
       1281.94442116       92.84       0.99987912027     -0.505755266732  -1.52509184333e-06       0.99987912027
       1284.77930281       92.84      0.999879120253     -0.505755266723     7.718202599e-07      0.999879120253
       1290.78035644       92.84      0.999879120219     -0.505755266706   6.09933055112e-06      0.999879120219
        1296.7812806       93.43      0.999879120185     -0.505755266689   1.35517320306e-06      0.999879120185
       1302.78179586       93.43      0.999879120151     -0.505755266672  -4.75315302687e-06      0.999879120151
        1308.7812447       93.43      0.999879120116     -0.505755266654  -3.50257115742e-06      0.999879120116
       1314.77914307       93.43      0.999879120082     -0.505755266637   1.22687719457e-06      0.999879120082
       1320.77495056       93.43      0.999879120048      -0.50575526662   4.28365031213e-06      0.999879120048
       1326.76776384       93.43      0.999879120015     -0.505755266603   3.39141283474e-06      0.999879120015
       1332.75689422       93.43      0.999879119981     -0.505755266586  -4.69592332773e-06      0.999879119981
       1337.10441236        95.1      0.999879119956     -0.505755266573   -5.6816317682e-06      0.999879119956
       1338.70961299        95.1      0.999879119947     -0.505755266569  -4.53590420058e-06      0.999879119947
       1344.70190995        95.1      0.999879119914     -0.505755266552   1.30092171386e-06      0.999879119914
       1350.69710914       95.43       0.99987911988     -0.505755266535   4.48743738149e-06       0.99987911988
       1356.69470269       95.43      0.999879119846     -0.505755266517   2.43132444405e-06      0.999879119846
       1362.69386463       95.43      0.999879119812       -0.5057552665  -2.21869087252e-06      0.999879119812
       1368.69415254       95.43      0.999879119777     -0.505755266483  -6.07912458619e-06      0.999879119777
       1374.69509251       95.43      0.999879119743     -0.505755266466   7.46010369615e-07      0.999879119743
       1380.69607826       95.43      0.999879119709     -0.505755266448   5.15214710195e-06      0.999879119709
       1386.69681781       95.43      0.999879119675     -0.505755266431   2.34019596003e-06      0.999879119675
       1392.26440355       97.37      0.999879119643     -0.505755266415  -2.08956886857e-06      0.999879119643
       1392.70121979       97.37       0.99987911964     -0.505755266413  -2.30577055133e-06       0.99987911964
       1398.69979224       97.42      0.999879119606     -0.505755266396  -4.64941534601e-06      0.999879119606
        1404.6963259       97.42      0.999879119572     -0.505755266379   -1.5348274761e-06      0.999879119572
       1410.69027404       97.42      0.999879119538     -0.505755266362   5.67716071497e-06      0.999879119538
       1416.68077433       97.42      0.999879119504     -0.505755266344   3.35249961519e-06      0.999879119504
       1422.66793318       97.42       0.99987911947     -0.505755266327  -2.96883294059e-06       0.99987911947
        1428.6583689       97.42      0.999879119436      -0.50575526631  -4.07272727797e-06      0.999879119436
       1434.65220791       97.42      0.999879119402     -0.505755266293   -1.6590415428e-06      0.999879119402
       1440.64865462       97.42      0.999879119368     -0.505755266276   4.04828016265e-06      0.999879119368
       1446.64715086       99.42      0.999879119334     -0.505755266259   4.86070066188e-06      0.999879119334
       1452.64756599       99.63        0.9998791193     -0.505755266241  -2.33227388097e-06        0.9998791193
       1458.64828417       99.63      0.999879119266     -0.505755266224  -5.40838006529e-06      0.999879119266
       1464.64927077       99.63      0.999879119232     -0.505755266207  -6.00756588528e-07      0.999879119232
       1470.65020697       99.63      0.999879119198      -0.50575526619   2.87913284568e-06      0.999879119198
       1476.65053995       99.63      0.999879119163     -0.505755266172   4.83340962542e-06      0.999879119163
        1482.6497373       99.63      0.999879119129     -0.505755266155  -8.04094914947e-07      0.999879119129
       1488.64738052       99.63      0.999879119095     -0.505755266138  -5.84682220005e-06      0.999879119095
       1494.64262759       101.4      0.999879119061     -0.505755266121  -1.93130829738e-06      0.999879119061
       1500.63495526       101.4      0.999879119027     -0.505755266104   4.29368758401e-06      0.999879119027
       1502.58438595       101.9      0.999879119017     -0.505755266098   4.57556900606e-06      0.999879119017
       1506.62516621       101.9      0.999879118993     -0.505755266086   3.33883095591e-06      0.999879118993
       1512.61347481       101.9       0.99987911896     -0.505755266069   5.65912221873e-07       0.99987911896
       1518.60580617       101.9      0.999879118926     -0.505755266052  -5.31823297042e-06      0.999879118926
       1524.60103566       101.9      0.999879118892     -0.505755266035  -3.27602299854e-06      0.999879118892
       1530.59862857       101.9      0.999879118858     -0.505755266018    3.8890876565e-06      0.999879118858
       1536.59781653       101.9      0.999879118824        -0.505755266   4.76702484167e-06      0.999879118824
        1542.5981011       103.4       0.99987911879     -0.505755265983  -7.67128299321e-07       0.99987911879
       1548.59906521       103.4      0.999879118755     -0.505755265966  -3.62608340688e-06      0.999879118755
       1554.60004628       103.4      0.999879118721     -0.505755265949  -4.05160330656e-06      0.999879118721
       1557.74437714       104.2      0.999879118704      -0.50575526594   -8.5493375584e-07      0.999879118704
       1560.56832975       104.2      0.999879118687     -0.505755265932   2.59826875657e-06      0.999879118687
       1566.56802102       104.2      0.999879118653     -0.505755265914   5.82315731065e-06      0.999879118653
       1572.56620838       104.2      0.999879118619     -0.505755265897  -1.16354437017e-07      0.999879118619
        1578.5623182       104.2      0.999879118585      -0.50575526588  -4.59908740531e-06      0.999879118585
       1584.55575114       104.2      0.999879118551     -0.505755265863  -2.87729287001e-06      0.999879118551
       1590.54542742       105.4      0.999879118518     -0.505755265846   1.15901650999e-06      0.999879118518
       1596.53277839       105.4      0.999879118484     -0.505755265829   5.49588816033e-06      0.999879118484
       1602.52392545       105.4       0.99987911845     -0.505755265811   1.82679073911e-06       0.99987911845
       1608.51827025       105.4      0.999879118416     -0.505755265794  -5.42215373191e-06      0.999879118416
       1612.90436834       106.4      0.999879118391     -0.505755265781  -4.82264889401e-06      0.999879118391
       1614.52289153       106.4       0.99987911838     -0.505755265776  -3.22696988724e-06       0.99987911838
       1620.52151609       106.4      0.999879118346     -0.505755265759   1.58352913938e-06      0.999879118346
       1626.52154129       106.4      0.999879118312     -0.505755265742   4.43839522324e-06      0.999879118312
       1632.52224373       106.4      0.999879118278     -0.505755265724   2.48666895855e-06      0.999879118278
       1638.52331666       107.4      0.999879118243     -0.505755265707  -3.89161615651e-06      0.999879118243
       1644.52416961       107.4      0.999879118209      -0.50575526569  -5.35928204741e-06      0.999879118209
       1650.52433629       107.4      0.999879118175     -0.505755265672   2.31780191176e-06      0.999879118175
         1656.523418       107.4      0.999879118141     -0.505755265655   4.30431601381e-06      0.999879118141
        1662.5206423       107.4      0.999879118107     -0.505755265638   2.22353883534e-06      0.999879118107
       1668.06435953       108.7      0.999879118076     -0.505755265622   -2.4769508028e-06      0.999879118076
        1668.5233218       108.7       0.99987911807     -0.505755265619  -2.87825999914e-06       0.99987911807
       1674.51511794       108.7      0.999879118036     -0.505755265602  -5.13804453943e-06      0.999879118036
       1680.50292896       108.7      0.999879118003     -0.505755265585   5.62074257758e-08      0.999879118003
       1686.49189147       109.4      0.999879117969     -0.505755265568   6.14286981283e-06      0.999879117969
        1692.4845386       109.4      0.999879117935     -0.505755265551     1.629809777e-06      0.999879117935
       1698.48019982       109.4      0.999879117901     -0.505755265534  -2.55473710911e-06      0.999879117901
       1704.47794641       109.4      0.999879117867     -0.505755265517  -4.50722462795e-06      0.999879117867
       1710.47734434       109.4      0.999879117833     -0.505755265499  -9.68474587261e-07      0.999879117833
       1716.47775035       109.4      0.999879117799     -0.505755265482   5.19722287448e-06      0.999879117799
       1722.47867088       109.4      0.999879117765     -0.505755265465   3.80757629517e-06      0.999879117765
       1723.22435073         111      0.999879117761     -0.505755265463    2.7782768911e-06      0.999879117761
       1728.49136266         111      0.999879117726     -0.505755265445  -3.70550764205e-06      0.999879117726
       1734.49197885         111      0.999879117692     -0.505755265428  -4.10485783997e-06      0.999879117692
       1740.49177812       111.4      0.999879117658     -0.505755265411   -8.2777843987e-07      0.999879117658
       1746.49006866       111.4      0.999879117624     -0.505755265394   3.81696558583e-06      0.999879117624
       1752.48645858       111.4       0.99987911759     -0.505755265376   4.70280542881e-06       0.99987911759
       1758.48004033       111.4      0.999879117556     -0.505755265359  -2.46954545096e-06      0.999879117556
         1764.470141       111.4      0.999879117522     -0.505755265342  -5.61236069168e-06      0.999879117522
       1770.45739062       111.4      0.999879117489     -0.505755265325  -4.10645395945e-07      0.999879117489
       1776.44813927       111.4      0.999879117455     -0.505755265308   3.73376892949e-06      0.999879117455
       1778.38434192       113.2      0.999879117444     -0.505755265302   4.33554609633e-06      0.999879117444
       1782.38939522       113.2      0.999879117421     -0.505755265291   3.74936153472e-06      0.999879117421
       1788.38657618       113.4      0.999879117387     -0.505755265274  -3.08639875095e-07      0.999879117387
       1794.38559229       113.4      0.999879117353     -0.505755265257  -6.22381854767e-06      0.999879117353
       1800.38574266       113.4      0.999879117319     -0.505755265239  -1.61151062751e-06      0.999879117319
        1806.3865648       113.4      0.999879117285     -0.505755265222   4.35561151617e-06      0.999879117285
       1812.38766436       113.4      0.999879117251     -0.505755265205   3.75715958718e-06      0.999879117251
       1818.38838078       113.4      0.999879117217     -0.505755265188  -7.39115705887e-07      0.999879117217
       1824.38844014       113.4      0.999879117182      -0.50575526517  -4.29826374689e-06      0.999879117182
       1830.38711477       113.4      0.999879117148     -0.505755265153  -3.77190600559e-06      0.999879117148
       1833.54433312       115.5      0.999879117131     -0.505755265144    5.3083929166e-07      0.999879117131
       1836.39463949       115.5      0.999879117111     -0.505755265134   4.47969519718e-06      0.999879117111
       1842.38905893       115.5      0.999879117077     -0.505755265117   4.57554049337e-06      0.999879117077
       1848.38026105       115.5      0.999879117043       -0.5057552651  -8.91073975509e-07      0.999879117043
       1854.36762039       115.5       0.99987911701     -0.505755265083  -4.33328155869e-06       0.99987911701
       1860.35725704       115.5      0.999879116976     -0.505755265066  -2.87661335219e-06      0.999879116976
       1866.35062025       115.5      0.999879116942     -0.505755265049   2.00701822144e-06      0.999879116942
       1872.34665317       115.5      0.999879116908     -0.505755265031   6.18553677893e-06      0.999879116908
       1878.34477171       115.5      0.999879116874     -0.505755265014   -3.9523652231e-07      0.999879116874
       1884.34440919       117.4       0.99987911684     -0.505755264997  -4.98305812993e-06       0.99987911684
       1888.70432431       117.8      0.999879116815     -0.505755264984  -3.85528383466e-06      0.999879116815
       1890.31488076       117.8      0.999879116806      -0.50575526498  -2.60895186507e-06      0.999879116806
       1896.31585262       117.8      0.999879116772     -0.505755264963   1.78035956461e-06      0.999879116772
       1902.31684346       117.8      0.999879116738     -0.505755264945   4.92013652269e-06      0.999879116738
       1908.31716594       117.8      0.999879116704     -0.505755264928   1.82483829013e-06      0.999879116704
       1914.31644144       117.8       0.99987911667     -0.505755264911  -5.44758030602e-06       0.99987911667
       1920.31410754       117.8      0.999879116635     -0.505755264894    -3.605596882e-06      0.999879116635
        1926.3094466       117.8      0.999879116602     -0.505755264876   2.57881633092e-06      0.999879116602
       1932.30187914       119.4      0.999879116568     -0.505755264859   4.04206593873e-06      0.999879116568
       1938.29025541       119.4      0.999879116534     -0.505755264842   2.19723514256e-06      0.999879116534
       1943.86431551       120.1      0.999879116503     -0.505755264827  -3.48440303524e-06      0.999879116503
       1944.22861102       120.1      0.999879116501     -0.505755264825  -3.90664058294e-06      0.999879116501
       1950.22154833       120.1      0.999879116467     -0.505755264808  -5.07119241183e-06      0.999879116467
        1956.2173235       120.1      0.999879116433     -0.505755264791    1.8655771661e-06      0.999879116433
       1962.21531344       120.1      0.999879116399     -0.505755264774   5.36844251462e-06      0.999879116399
       1968.21473334       120.1      0.999879116365     -0.505755264757   1.04122409534e-06      0.999879116365
       1974.21525951       120.1       0.99987911633     -0.505755264739  -2.48787128256e-06       0.99987911633
       1980.21618883       121.4      0.999879116296     -0.505755264722  -5.18392778271e-06      0.999879116296
       1986.21720923       121.4      0.999879116262     -0.505755264705   4.11212910969e-07      0.999879116262
        1992.2177543       121.4      0.999879116228     -0.505755264688    5.7674605013e-06      0.999879116228
       1998.21731794       121.4      0.999879116194      -0.50575526467   2.28136033116e-06      0.999879116194
        1999.0243067       122.4       0.99987911619     -0.505755264668   1.28454598671e-06       0.99987911619
         2004.222017       122.4      0.999879116158     -0.505755264652  -3.85822226884e-06      0.999879116158
       2010.21806416       122.4      0.999879116124     -0.505755264635  -3.56369271948e-06      0.999879116124
       2016.21142985       122.4       0.99987911609     -0.505755264618   -1.0531423334e-06       0.99987911609
       2022.20102521       123.4      0.999879116057     -0.505755264601   5.27361072967e-06      0.999879116057
       2028.18839201       123.4      0.999879116023     -0.505755264584   3.61211303307e-06      0.999879116023
       2034.17964479       123.4      0.999879115989     -0.505755264567  -3.54190207421e-06      0.999879115989
       2040.17403924       123.4      0.999879115955     -0.505755264549  -4.80405480565e-06      0.999879115955
       2046.17102745       123.4      0.999879115921     -0.505755264532   1.87365650944e-07      0.999879115921
       2052.16974874       123.4      0.999879115887     -0.505755264515   3.49977753817e-06      0.999879115887
        2054.1842979         125      0.999879115875     -0.505755264509   4.63402272642e-06      0.999879115875
       2058.12508935         125      0.999879115853     -0.505755264498   4.43633682916e-06      0.999879115853
        2064.1259132       125.4      0.999879115819     -0.505755264481  -2.16442846005e-06      0.999879115819
       2070.12700574       125.4      0.999879115785     -0.505755264463  -5.95385151738e-06      0.999879115785
        2076.1277148       125.4      0.999879115751     -0.505755264446  -2.48473715256e-07      0.999879115751
       2082.12763013       125.4      0.999879115717     -0.505755264429   4.20885589814e-06      0.999879115717
       2088.12628283       125.4      0.999879115682     -0.505755264412   3.31936726736e-06      0.999879115682
       2094.12293729       125.4      0.999879115648     -0.505755264394  -7.65502303655e-07      0.999879115648
       2100.11711737       125.4      0.999879115615     -0.505755264377  -5.54283556112e-06      0.999879115615
       2106.10778646       125.4      0.999879115581      -0.50575526436  -2.24482764864e-06      0.999879115581
        2112.0955431       127.4      0.999879115547     -0.505755264343   5.17426518168e-06      0.999879115547
       2118.08576196       127.4      0.999879115513     -0.505755264326   3.40733334391e-06      0.999879115513
       2124.07936621       127.4      0.999879115479     -0.505755264309   -9.8537703767e-07      0.999879115479
       2130.07576319       127.4      0.999879115445     -0.505755264292  -4.48848124302e-06      0.999879115445
       2136.07406191       127.4      0.999879115411     -0.505755264274    -2.928915054e-06      0.999879115411
       2142.07379409       127.4      0.999879115377     -0.505755264257   3.58097884173e-06      0.999879115377
       2148.07444773       127.4      0.999879115343      -0.50575526424   5.57265900809e-06      0.999879115343
       2154.07542182       127.4      0.999879115309     -0.505755264223  -1.84446501594e-06      0.999879115309
       2160.07641664       129.4      0.999879115275     -0.505755264205  -4.15110511765e-06      0.999879115275
       2164.50428029       129.6       0.99987911525     -0.505755264193  -3.38761508945e-06       0.99987911525
       2166.02652053       129.6      0.999879115241     -0.505755264188  -2.73802309843e-06      0.999879115241
       2172.02555743       129.6      0.999879115207     -0.505755264171   2.45175271492e-06      0.999879115207
       2178.02273208       129.6      0.999879115173     -0.505755264154   5.39664687137e-06      0.999879115173
       2184.01759384       129.6      0.999879115139     -0.505755264137   4.02016777505e-07      0.999879115139
       2190.00920725       129.6      0.999879115105     -0.505755264119  -5.93051111483e-06      0.999879115105
       2195.99679695       129.6      0.999879115071     -0.505755264102  -2.05670243159e-06      0.999879115071
       2201.98603363       129.6      0.999879115037     -0.505755264085   2.05393445947e-06      0.999879115037
       2206.39964782       131.4      0.999879115012     -0.505755264072   4.46344897374e-06      0.999879115012
