# Ovr(Phi.Eta.Rn.Rn)
# H0
# Exp0
#      Time            CPU <Ovr(Phi.Eta.Rn.Rn)>                <H0>              <Exp0>
      -551.599911954           0                   1     -0.499999993473                   1
      -537.809914155       10.46      0.999999999927     -0.499999684984      0.999999999927
      -524.019916356       20.99      0.999999999826     -0.499994951762      0.999999999826
      -510.229918557       31.61      0.999999999636     -0.499974828333      0.999999999636
      -498.349918557       39.64      0.999999999495      -0.49993122524      0.999999999496
      -496.439920759       42.21      0.999999999478     -0.499921206329      0.999999999479
       -482.64992296       52.62      0.999999999386     -0.499808434917      0.999999999386
      -468.859925161       63.05       0.99999999932         -0.49960969       0.99999999932
      -455.069927362       73.77      0.999999999255     -0.499282372867      0.999999999256
      -445.349927362        79.5      0.999999999211     -0.498962255611      0.999999999211
      -441.279929563        84.6      0.999999999191     -0.498798768139      0.999999999191
      -427.489931764       95.25       0.99999999911     -0.498105825143       0.99999999911
      -413.699933965       105.6      0.999999998976     -0.497169983225      0.999999998976
      -399.909936167       115.9      0.999999998767     -0.495944922643      0.999999998768
      -392.349936167       121.3      0.999999998576     -0.495137149589      0.999999998578
      -386.119938368       126.7      0.999999998333     -0.494384374687      0.999999998336
      -372.329940569       137.2      0.999999996483     -0.492468196784      0.999999996497
       -358.53994277       147.9      0.999999988602      -0.49013560682      0.999999988659
      -344.749944971       158.5      0.999999954168     -0.487381331801      0.999999954391
      -339.349944971       161.1      0.999999922754     -0.486176690942      0.999999923114
      -330.959947172       168.9      0.999999827102     -0.484169023248      0.999999827868
      -317.169949373       179.4      0.999999391819     -0.480485072155      0.999999394198
      -303.379951575         190      0.999998057222     -0.476322269261      0.999998064016
      -289.589953776       200.4      0.999994342594     -0.471671788233      0.999994360113
      -286.349953776         201      0.999992819734     -0.470508736351       0.99999284139
      -275.799955977       210.7      0.999984857548     -0.466547761027      0.999984899294
      -262.009958178       221.2      0.999962713279     -0.460945554092      0.999962804827
      -248.219960379       231.7      0.999914788989     -0.454890806819      0.999914975335
       -234.42996258       242.2      0.999818680929     -0.448389604547      0.999819035535
       -233.34996258       242.8      0.999808175626     -0.447862130599      0.999808547503
      -220.639964781       252.6      0.999638889307     -0.441445877369      0.999639520761
      -206.849966983         263      0.999323493549      -0.43409588117       0.99932455285
      -193.059969184       273.4      0.998803138618     -0.426362141758      0.998804816001
      -180.099969184       282.7       0.99804969522     -0.418778648935      0.998052151036
      -179.269971385       283.8      0.997990752227     -0.418284315708      0.997993264925
      -165.479973586       294.3      0.996784916508     -0.409946087958      0.996788491115
      -151.689975787       304.8      0.995074662029     -0.401459482851      0.995079498184
      -137.899977988       315.1      0.992741155518      -0.39293583852      0.992747383813
      -127.099977988       322.5      0.990395604813     -0.386286918076      0.990402953356
      -124.109980189       325.5      0.989656044463     -0.384457761139      0.989663702448
      -110.319982391       335.9      0.985675627897     -0.376043667969      0.985684674772
      -96.5299845916       346.4      0.980639792283     -0.367634535039      0.980650172662
      -82.7399867928       356.8      0.974394245638     -0.359169014475      0.974405980188
      -74.0999867928       362.4      0.969817724201     -0.353868389491      0.969830380846
      -68.9499889939       367.2      0.966842899684     -0.350735532434      0.966856153289
      -55.1599911951       377.7      0.958015313388     -0.342637984727       0.95803035574
      -41.3699933962       388.1      0.948108062304     -0.335257050816      0.948125079255
      -27.5799955973       398.7      0.937432366012     -0.328827221416      0.937451236864
      -21.0999955973       402.2      0.932233841604     -0.326123277907       0.93225342885
      -13.7899977985       409.3      0.926263035875     -0.323300071164      0.926283260524
   3.70466324284e-10       420.1      0.914717696192      -0.31848592167      0.914738576451
       13.7899977992       430.5      0.902801790501     -0.314336838368      0.902822779866
       27.5799955981       440.9      0.890607632712     -0.311032335739      0.890628556326
       31.8999955981       444.1      0.886776736088     -0.310213891728      0.886797652726
       41.3699933969       451.5      0.878463693597     -0.308813476598      0.878484623906
       55.1599911958       461.9      0.866818042999     -0.307763018648      0.866838953977
       68.9499889947       472.3      0.855962531233     -0.307749370537      0.855983061364
       82.7399867935       482.7      0.845913048607     -0.308585698298      0.845932616891
       84.8999867935       483.9      0.844404304618     -0.308785723207      0.844423672829
       96.5299845924         493      0.836562834244     -0.310168391354      0.836580978183
       110.319982391       503.6      0.827920080148     -0.312484573564      0.827936632742
        124.10998019         514      0.820159111117     -0.315550044444      0.820174065322
       137.899977989       524.4      0.813467973317     -0.319334312287      0.813481234614
       151.689975788       534.8      0.807910404576     -0.323735423518      0.807921699202
       165.479973587       545.2      0.803430183203     -0.328611288195      0.803439208401
       179.269971386       555.6      0.799933091665     -0.333805499564      0.799939758264
       191.149971386       563.7      0.797638822559     -0.338418882351      0.797643655939
       193.059969184       566.3      0.797327181034      -0.33916669208      0.797331753038
       206.849966983       576.7      0.795489926164     -0.344569219159      0.795492975158
       220.639964782         587      0.794239447759     -0.349915102723      0.794241626421
       234.429962581       597.4      0.793378192139     -0.355120450889      0.793379940329
       244.149962581       603.5      0.792928270121     -0.358668268682      0.792929788285
        248.21996038       607.8      0.792771452114     -0.360116538228      0.792772864673
       262.009958179       618.1      0.792366872851     -0.364843745318      0.792367871474
       275.799955978       628.6      0.792133676895     -0.369243245027      0.792134305465
       289.589953776       638.9      0.792010284005     -0.373283424899      0.792010765128
       297.149953776       643.3      0.791963414441     -0.375343055945      0.791963903184
       303.379951575       649.4      0.791928945853     -0.376955586777      0.791929461033
       317.169949374       659.9      0.791861059992     -0.380245511339      0.791861614364
       330.959947173       670.3      0.791806773873     -0.383159022344      0.791807308326
       344.749944972       680.8      0.791761344857     -0.385701416652      0.791761848539
       350.149944972       683.2      0.791744014584     -0.386597623897      0.791744508842
       358.539942771       691.3      0.791717487335     -0.387881033086      0.791717964382
        372.32994057       701.8      0.791678972798     -0.389724053162      0.791679403873
       386.119938368       712.2      0.791651501057     -0.391245300697      0.791651872688
       399.909936167       722.6      0.791632609575     -0.392477419744      0.791632931967
       403.149936167       723.1      0.791628758987     -0.392727236186      0.791629072382
       413.699933966       732.9      0.791616671238     -0.393448300673      0.791616961126
       427.489931765       743.3      0.791601260747     -0.394189663554      0.791601528362
       441.279929564       753.7      0.791586709781      -0.39473738421      0.791586959259
       455.069927363       764.1      0.791573475808     -0.395122241934      0.791573708757
       456.149927363       764.1      0.791572489679      -0.39514662964      0.791572721384
       468.859925162       774.5      0.791561274782     -0.395379781026      0.791561492358
        482.64992296       784.9      0.791549697982     -0.395538606384      0.791549901179
       496.439920759       795.3      0.791538718026     -0.395627643004      0.791538907518
       509.399920759       804.8      0.791529089317     -0.395668838799      0.791529266514
       510.229918558       805.6      0.791528496978     -0.395670504244      0.791528673412
       524.019916357       816.1       0.79151905537      -0.39568668409      0.791519219664
       537.809914156       826.5      0.791510274281     -0.395690640834      0.791510427448
       551.599911954       837.4      0.791502059321     -0.395691099466      0.791502202177
       562.399911954       840.6      0.791496000921     -0.395691258222      0.791496136135
       565.389909753       843.3      0.791494380826     -0.395691300674      0.791494513988
       579.179907552       849.2      0.791487220208     -0.395691488094      0.791487344265
       592.969905351         855      0.791480545748     -0.395691662455       0.79148066131
        606.75990315       860.8      0.791474319928     -0.395691824973      0.791474427583
        615.39990315       864.3      0.791470632565     -0.395691921224      0.791470735547
       620.549900949       866.7      0.791468509063     -0.395691976657      0.791468609356
       634.339898748       872.3      0.791463083893     -0.395692118285       0.79146317733
       648.129896546       878.3      0.791458018015     -0.395692250549      0.791458105067
       661.919894345       884.1      0.791453287334     -0.395692374081      0.791453368438
       668.399894345         886      0.791451173812     -0.395692429279      0.791451252262
       675.709892144       889.9      0.791448869919     -0.395692489455       0.79144894548
       689.499889943       894.5      0.791444745717     -0.395692597191       0.79144481611
       703.289887742       898.9       0.79144089619     -0.395692697767      0.791440961764
       717.079885541       903.3      0.791437304026     -0.395692791632      0.791437365107
       721.399885541       903.8       0.79143622904     -0.395692819725      0.791436288778
        730.86988334       907.9      0.791433952955     -0.395692879209      0.791434009848
       744.659881138       912.3      0.791430827658     -0.395692960894      0.791430880647
       758.449878937       916.7      0.791427913698     -0.395693037064      0.791427963049
       772.239876736       921.2      0.791425197461     -0.395693108073      0.791425243423
       774.399876736       921.7      0.791424789067      -0.39569311875      0.791424834519
       786.029874535       925.6      0.791422666101     -0.395693174254      0.791422708906
       799.819872334         930      0.791420307508     -0.395693235925      0.791420347373
       813.609870133       934.5      0.791418110278     -0.395693293381      0.791418147405
       827.399867932       938.9      0.791416063665     -0.395693346902      0.791416098245
