# 
# 
# kRn: sum[Phi,Eta,specRn] density
0.0060621222, 1.5504992e-08
0.012124244, 3.5578504e-08
0.018186367, 7.2326472e-08
0.024248489, 1.2879764e-07
0.030310611, 2.0588831e-07
0.036372733, 3.0003055e-07
0.042434855, 4.0190742e-07
0.048496977, 4.9749313e-07
0.0545591, 5.7264991e-07
0.060621222, 6.2206596e-07
0.066683344, 6.6282338e-07
0.072745466, 7.5302187e-07
0.078807588, 1.0169192e-06
0.084869711, 1.6787277e-06
0.090931833, 3.1062788e-06
0.096993955, 5.871977e-06
0.10305608, 1.0890339e-05
0.1091182, 1.9861869e-05
0.11518032, 3.6563354e-05
0.12124244, 6.967868e-05
0.12730457, 0.0001369102
0.13336669, 0.00026670806
0.13942881, 0.000488493
0.14549093, 0.00080095857
0.15155305, 0.0011242258
0.15761518, 0.0012824031
0.1636773, 0.001096397
0.16973942, 0.00060430632
0.17580154, 0.00021521746
0.18186367, 0.00045960872
0.18792579, 0.0015026539
0.19398791, 0.0039511395
0.20005003, 0.013016885
0.20611215, 0.044206496
0.21217428, 0.12023669
0.2182364, 0.24710085
0.22429852, 0.37923813
0.23036064, 0.42090955
0.23642277, 0.30574234
0.24248489, 0.10279946
0.24854701, 0.0022052046
0.25460913, 0.12389353
0.26067125, 0.35232505
0.26673338, 0.45219137
0.2727955, 0.35053874
0.27885762, 0.18676042
0.28491974, 0.08205294
0.29098186, 0.026487556
0.29704399, 0.0038704635
0.30310611, 0.032770591
0.30916823, 0.078717999
0.31523035, 0.093720057
0.32129248, 0.10271228
0.3273546, 0.15354485
0.33341672, 0.26728923
0.33947884, 0.45298637
0.34554096, 0.7005619
0.35160309, 0.99658059
0.35766521, 1.3526694
0.36372733, 1.7810748
0.36978945, 2.2676438
0.37585158, 2.7732583
0.3819137, 3.2410875
0.38797582, 3.5968639
0.39403794, 3.7504958
0.40010006, 3.6170986
0.40616219, 3.1536773
0.41222431, 2.3951563
0.41828643, 1.4763127
0.42434855, 0.62211541
0.43041068, 0.087803558
0.4364728, 0.050104383
0.44253492, 0.48940022
0.44859704, 1.1429244
0.45465916, 1.6026398
0.46072129, 1.5491359
0.46678341, 0.99233652
0.47284553, 0.31535832
0.47890765, 0.0011764888
0.48496977, 0.20990333
0.4910319, 0.61111468
0.49709402, 0.71193185
0.50315614, 0.39824244
0.50921826, 0.053535053
0.51528039, 0.036988621
0.52134251, 0.2168321
0.52740463, 0.24301108
0.53346675, 0.086387986
0.53952887, 0.0045334912
0.545591, 0.08355474
0.55165312, 0.13424447
0.55771524, 0.088248269
0.56377736, 0.11191992
0.56983949, 0.25619081
0.57590161, 0.45904137
0.58196373, 0.79222185
0.58802585, 1.3583559
0.59408797, 2.1742136
0.6001501, 3.2130546
0.60621222, 4.3388986
0.61227434, 5.2381757
0.61833646, 5.498409
0.62439859, 4.8013158
0.63046071, 3.2092171
0.63652283, 1.3453095
0.64258495, 0.14546037
0.64864707, 0.15717145
0.6547092, 0.94205763
0.66077132, 1.3917808
0.66683344, 0.9256007
0.67289556, 0.17590918
0.67895768, 0.039520156
0.68501981, 0.35770871
0.69108193, 0.36534736
0.69714405, 0.073966465
0.70320617, 0.021104079
0.7092683, 0.1300325
0.71533042, 0.074475493
0.72139254, 0.0062993515
0.72745466, 0.038763782
0.73351678, 0.055503824
0.73957891, 0.095891615
0.74564103, 0.22094468
0.75170315, 0.45512065
0.75776527, 0.86690249
0.7638274, 1.4714097
0.76988952, 2.1577707
0.77595164, 2.652508
0.78201376, 2.6042651
0.78807588, 1.8711966
0.79413801, 0.80187413
0.80020013, 0.085035222
0.80626225, 0.074085509
0.81232437, 0.35433708
0.81838649, 0.33201572
0.82444862, 0.07702327
0.83051074, 0.0075923601
0.83657286, 0.077286575
0.84263498, 0.044480999
0.84869711, 0.00012973563
0.85475923, 0.018163998
0.86082135, 0.013239686
0.86688347, 0.0039359771
0.87294559, 0.014419833
0.87900772, 0.036640854
0.88506984, 0.094751306
0.89113196, 0.21244908
0.89719408, 0.4004112
0.90325621, 0.62589095
0.90931833, 0.78913319
0.91538045, 0.7598741
0.92144257, 0.50052968
0.92750469, 0.17041997
0.93356682, 0.0054077711
0.93962894, 0.036606372
0.94569106, 0.072853043
0.95175318, 0.027093549
0.95781531, 0.00012713879
0.96387743, 0.011823259
0.96993955, 0.0058818853
0.97600167, 0.00016231326
0.98206379, 0.0020727145
0.98812592, 0.001218767
0.99418804, 0.0034040709
1.0002502, 0.0093559313
1.0063123, 0.023803934
1.0123744, 0.052292529
1.0184365, 0.097476319
1.0244986, 0.14699773
1.0305608, 0.16588596
1.0366229, 0.12312834
1.042685, 0.04430174
1.0487471, 0.0010804501
1.0548093, 0.0095419182
1.0608714, 0.013752682
1.0669335, 0.0019508753
1.0729956, 0.0010391295
1.0790577, 0.0017973306
1.0851199, 3.7268733e-05
1.091182, 0.00033412625
1.0972441, 0.00027669153
1.1033062, 0.00095490702
1.1093684, 0.0030939559
1.1154305, 0.0088511558
1.1214926, 0.020588095
1.1275547, 0.036593176
1.1336168, 0.046213843
1.139679, 0.036946108
1.1457411, 0.014356776
1.1518032, 0.00075121998
1.1578653, 0.0014445047
1.1639275, 0.0020352776
1.1699896, 0.00019787458
1.1760517, 0.00014087516
1.1821138, 0.00010931396
1.1881759, 9.197e-06
1.1942381, 5.662363e-05
1.2003002, 0.00013113565
1.2063623, 0.00048277539
1.2124244, 0.0014335073
