# Ovr(Phi.Eta.Rn.Rn)
# H0
# Exp0
#      Time            CPU <Ovr(Phi.Eta.Rn.Rn)>                <H0>              <Exp0>
      -110.319982391           0                   1     -0.499991998892                   1
      -107.561982831      0.7261      0.999999999361      -0.49999192321      0.999999999361
      -104.803983271        1.53      0.999999998924     -0.499989267291      0.999999998924
      -102.045983712       2.173      0.999999998379     -0.499972568115      0.999999998379
      -99.2879841519       2.841      0.999999997777      -0.49992003691      0.999999997777
      -96.5299845921       3.533      0.999999997302     -0.499802952529      0.999999997303
      -93.7719850324       4.237      0.999999996652     -0.499587829032      0.999999996657
      -91.0139854726       5.007       0.99999999527     -0.499239404094      0.999999995292
      -88.2559859128       5.786      0.999999992247     -0.498727352285      0.999999992307
      -85.4979863531       6.559      0.999999986525     -0.498029331523      0.999999986652
      -82.7399867933       7.333      0.999999977394     -0.497119605802      0.999999977619
      -77.2239876737       8.831      0.999999949912     -0.494443312115      0.999999950368
       -74.465988114       9.659      0.999999933691     -0.492526990953      0.999999934247
      -71.7079885542       10.48      0.999999917447     -0.490155901895      0.999999918081
      -68.9499889944       11.29      0.999999901956     -0.487317287753      0.999999902646
      -66.1919894347       12.13       0.99999988761     -0.484012718876      0.999999888341
      -63.4339898749       12.93      0.999999874147     -0.480257251217      0.999999874913
      -60.6759903151       13.73      0.999999860949     -0.476088521643      0.999999861754
      -58.4439054871       13.73       0.99999984981     -0.472434577498      0.999999850659
      -55.1599911956       15.39      0.999999830255     -0.466562860258      0.999999831255
      -52.4019916358       16.24       0.99999980222     -0.461080520508      0.999999803631
      -41.3699933967       19.59      0.999997812492     -0.434989716641      0.999997847497
      -35.8539942772       21.27      0.999989538626     -0.420440698894      0.999989680838
      -30.3379951576       22.87      0.999961203883     -0.405702415929      0.999961638234
      -27.5799955978       23.67      0.999930109171     -0.398429898528      0.999930830335
      -24.8219960381       24.45      0.999877619003      -0.39130889871      0.999878790122
      -22.0639964783       25.23      0.999791300912     -0.384418996508      0.999793152355
      -19.3059969185       25.97      0.999654353658     -0.377777109017       0.99965718277
      -16.5479973588        26.7      0.999446054031     -0.371513085862      0.999450210707
      -11.0319982392       28.04      0.998719659058     -0.361059108691      0.998727621838
      -8.27399867944       28.68      0.998150555217     -0.356760767822      0.998161004337
      -5.51599911967       29.35      0.997411182587     -0.352966497601      0.997424466816
       -2.7579995599       30.02      0.996482079466     -0.349925927988      0.996498474063
  -1.25736754342e-10       30.64      0.995348170698     -0.347872562622      0.995367911451
       2.75799955965       31.28      0.993993682132     -0.346828753358      0.994017011784
       5.51599911942       31.92      0.992405458183     -0.346659145003      0.992432524863
       8.27399867919       32.57      0.990587538427     -0.347226404399      0.990618226986
        11.031998239        33.2       0.98856592471     -0.348588145232      0.988599882336
       13.7899977987        33.9      0.986374290818     -0.350952749903      0.986411125129
       19.3059969183       35.29      0.981585595347     -0.358654561938      0.981627247086
        22.063996478       36.07      0.979041171755     -0.363557790594      0.979084635608
       24.8219960378       36.85      0.976453012148     -0.368978331631      0.976497643653
       27.5799955976       37.61      0.973876077842     -0.374915866051       0.97392118463
       35.8539942769       39.97      0.966565576543     -0.395198121452      0.966609684825
       38.6119938367       40.83      0.964336271688     -0.402213559768      0.964379344143
       44.1279929562       42.48      0.960350439195     -0.416113301691      0.960389923024
        46.885992516       43.27      0.958635870311     -0.422855006707      0.958673047264
       49.6439920758       44.07      0.957109517311     -0.429311926035      0.957144315374
       60.6759903149        47.3      0.952625221167     -0.450760217958      0.952650986884
       66.1919894344       48.99       0.95117069718      -0.45847999188      0.951192146598
       68.9499889942       49.79      0.950594785111     -0.461571393018      0.950614065808
       74.4659881137       51.43      0.949703969357     -0.466447281539      0.949718684584
       77.2239876735       52.24      0.949379670972     -0.468336051486      0.949392065291
       79.9819872333       53.04      0.949127590786      -0.46988702225      0.949137793567
        82.739986793       53.85      0.948937327214     -0.471107100634      0.948945594976
       85.4979863528       54.62      0.948796199583     -0.472018464656      0.948802871819
       88.2559859126       55.34      0.948691285584     -0.472668425662      0.948696722478
       91.0139854723       56.04      0.948611379135     -0.473118239131      0.948615905692
       93.7719850321       56.74      0.948548122773     -0.473422378895      0.948551996435
       96.5299845919       57.44      0.948496073206     -0.473618712844      0.948499478268
       98.3042550594       57.44      0.948466949172      -0.47370064231      0.948470121219
       99.2879841517       58.11      0.948452012226     -0.473733934395      0.948455072455
       102.045983711       58.78      0.948414049756     -0.473791718924      0.948416847148
       104.803983271        59.4      0.948380916488      -0.47381453217      0.948383507494
       107.561982831       60.07      0.948351583316     -0.473820941824      0.948354009081
       110.319982391       61.52      0.948325151064     -0.473822761313      0.948327442149
        115.83598151       62.18      0.948278317784     -0.473825359393      0.948280395823
        118.59398107       62.48      0.948257160956     -0.473826496468      0.948259145073
        121.35198063       62.82      0.948237338904     -0.473827556265      0.948239229664
        126.86797975        63.6      0.948201896274     -0.473829453811      0.948203593336
       129.625979309       64.32      0.948186403288     -0.473830286193      0.948188001559
       132.383978869       64.74       0.94817240399     -0.473831039546      0.948173905104
       135.141978429        65.1      0.948159821846     -0.473831717906      0.948161230018
       137.899977989       65.47      0.948148522445     -0.473832329214      0.948149843929
       140.657977548       65.93      0.948138339956     -0.473832883092      0.948139582185
       143.415977108       66.32      0.948129102852     -0.473833388863      0.948130273643
       146.173976668       66.68      0.948120652109     -0.473833854965       0.94812175913
        148.50146792       66.68      0.948114028332     -0.473834222734      0.948115087202
       148.931976228       67.07      0.948112847422     -0.473834288473      0.948113897928
       151.689975787       67.43      0.948105567023     -0.473834695192      0.948106567744
       154.447975347       67.88      0.948098706355     -0.473835080172      0.948099663441
       157.205974907       68.26      0.948092175912     -0.473835447394      0.948093094892
       159.963974467       68.63      0.948085901734     -0.473835800274      0.948086787472
       170.995972706       70.36      0.948062404251     -0.473837110257      0.948063192104
       173.753972266        70.7      0.948056804522     -0.473837416877      0.948057573593
       176.511971825       71.09      0.948051301114     -0.473837715256        0.9480520527
       179.269971385        71.5      0.948045898987     -0.473838004885      0.948046634052
       182.027970945       71.87      0.948040606143     -0.473838285122      0.948041325403
       187.543970064        72.7      0.948030386854      -0.47383881557       0.94803107602
       190.301969624       73.07       0.94802547833     -0.473839064902      0.948026153021
       193.059969184       73.47      0.948020713728     -0.473839303289      0.948021374258
       195.817968744       73.87      0.948016098652     -0.473839530835      0.948016745318
       197.478084195       73.87      0.948013394313     -0.473839662598      0.948014032771
       201.333967863       74.63      0.948007328888     -0.473839953687      0.948007948683
       204.091967423       75.02      0.948003176307     -0.473840149584      0.948003783093
       206.849966983       75.39      0.947999177438     -0.473840335563      0.947999771498
       209.607966543       75.77      0.947995330227     -0.473840512131      0.947995911843
       215.123965662       76.57       0.94798807847     -0.473840839148      0.947988636024
       217.881965222       77.03      0.947984666027     -0.473840990469      0.947985211951
       220.639964782       77.39      0.947981390598     -0.473841134508       0.94798192515
       226.155963901       78.13      0.947975232486     -0.473841402405      0.947975745047
       228.913963461       78.51      0.947972340743     -0.473841527142      0.947972842681
       231.671963021       78.86      0.947969567819     -0.473841646273      0.947970059383
       234.429962581       79.25      0.947966909325      -0.47384176024      0.947967390766
        237.18796214        79.6      0.947964360352     -0.473841869192      0.947964831928
        242.70396126       80.33      0.947959573479     -0.473842073599      0.947960026129
        245.46196082       80.69      0.947957326355     -0.473842169543      0.947957769962
       247.723947835       80.69      0.947955551865     -0.473842245371      0.947955988274
       248.219960379       81.11      0.947955170772      -0.47384226169      0.947955605629
       250.977959939       81.49      0.947953101714     -0.473842350043      0.947953528122
       253.735959499       81.86      0.947951115124     -0.473842435058      0.947951533393
       256.493959059       82.27      0.947949206299     -0.473842516835      0.947949616744
       259.251958619       82.68      0.947947370899     -0.473842595605      0.947947773838
       267.525957298        83.8       0.94794226121     -0.473842814823      0.947942643543
       270.283956858       84.16      0.947940676878     -0.473842882748      0.947941052965
       273.041956417       84.53      0.947939145759      -0.47384294829      0.947939515898
       275.799955977       84.89      0.947937664516     -0.473843011571      0.947938028994
       281.315955097       85.72      0.947934839707     -0.473843131817      0.947935193667
       284.073954657       86.15      0.947933490609      -0.47384318888      0.947933839681
       286.831954216       86.53      0.947932180731     -0.473843244083      0.947932525142
       289.589953776       86.91      0.947930907854       -0.4738432974      0.947931247812
       292.347953336       87.33      0.947929670229     -0.473843348915      0.947930005927
       295.105952896       87.71      0.947928466404     -0.473843398744      0.947928798018
         297.8531985       87.71      0.947927299352     -0.473843446677      0.947927627058
       297.863952455        88.1      0.947927294847     -0.473843446863      0.947927622538
       303.379951575       88.85      0.947925044222     -0.473843538327      0.947925364495
       306.137951135       89.25      0.947923963149     -0.473843581747      0.947924279901
       311.653950254       89.95       0.94792188529     -0.473843664141      0.947922195327
       314.411949814       90.32      0.947920887157     -0.473843703233      0.947921193983
       317.169949374       90.75      0.947919915531     -0.473843741058      0.947920219235
       319.927948934       91.12      0.947918969444     -0.473843777475       0.94791927011
       322.685948493       91.45      0.947918048539      -0.47384381264      0.947918346245
       325.443948053       91.88      0.947917152411     -0.473843846682      0.947917447233
