# Ovr(Phi.Eta.Rn.Rn)
# H0
# Exp0
#      Time            CPU <Ovr(Phi.Eta.Rn.Rn)>                <H0>              <Exp0>
      -110.319982391           0                   1     -0.499999999195                   1
      -103.424983492       1.996      0.999999998732     -0.499991831524      0.999999998732
      -96.5299845921       4.197      0.999999998115     -0.499810958417      0.999999998115
      -89.6349856927       6.404      0.999999995002     -0.499013400998      0.999999995013
      -82.7399867933       8.919      0.999999976439     -0.497127728452      0.999999976505
      -75.8449878939       13.26      0.999999932937      -0.49354837591      0.999999933093
      -68.9499889944       20.14      0.999999877663     -0.487325626368      0.999999877884
       -62.054990095       27.62      0.999999822704     -0.478230683226      0.999999822971
      -59.4494322543       27.79      0.999999801189     -0.474120682849      0.999999801479
      -55.1599911956       32.03      0.999999759503     -0.466571395842      0.999999759866
      -48.2649922961       41.19      0.999999533819     -0.451909808421      0.999999535183
      -41.3699933967       51.87      0.999997297474     -0.435000894351      0.999997308198
      -34.4749944973       63.66       0.99998276274     -0.416752211761      0.999982817992
      -27.5799955978       76.22      0.999921784509     -0.398440508584      0.999921984393
      -20.6849966984       88.47      0.999706590596     -0.381076547159      0.999707211664
       -13.789997799         101        0.9990866997      -0.36595721478      0.999088254293
      -10.1549383006       105.6      0.998473713713     -0.359661313853       0.99847600479
      -6.89499889956       113.7      0.997693485591       -0.3548205071      0.997696576387
  -1.25799815009e-10       121.5      0.995161892352     -0.347960731498      0.995167004262
        6.8949988993       129.1      0.991240939067     -0.346999857064      0.991248355787
       13.7899977987       134.4      0.985980000671      -0.35114596044      0.985989373775
       20.6849966982       139.4      0.979801682037     -0.361105252653      0.979812426361
       27.5799955976       144.4      0.973227014583     -0.374883438949       0.97323824341
        34.474994497       149.2      0.966967916504      -0.39169703928      0.966978757128
       39.2416557902       151.4      0.963042157618     -0.403919410182      0.963052400532
       48.2649922959       159.5      0.956987430988     -0.426277945654      0.956995734914
       55.1599911953       164.4       0.95368812864     -0.441119964372      0.953694748008
       68.9499889942         177      0.950001257109     -0.461740809396      0.950004586178
       75.8449878936       187.6      0.949181399199     -0.467547583223      0.949183650053
        82.739986793       197.5       0.94869086513     -0.471163054071      0.948692516464
       89.6349856925       206.7        0.9483589333     -0.472986481808      0.948360174322
       96.5299845919       214.8      0.948131559107     -0.473688992808      0.948132415321
       103.424983491       222.8      0.947991268331      -0.47387181888      0.947991807984
       110.319982391       230.9      0.947912030964     -0.473887136291      0.947912363363
        117.21498129         235      0.947867883018     -0.473888529147      0.947868095655
        124.10998019       238.9       0.94784198527     -0.473889148086       0.94784212893
       131.004979089       242.8      0.947825850441     -0.473889431302      0.947825952067
       137.899977989       246.9      0.947815333819     -0.473889564833      0.947815408359
       138.922247827       247.1      0.947814101416     -0.473889577518      0.947814172811
       144.794976888       250.4      0.947808199807     -0.473889628428      0.947808256278
       151.689975787         254      0.947803185884      -0.47388965668      0.947803229863
       158.584974687       257.5      0.947799565644     -0.473889666492      0.947799600701
       165.479973586       261.1      0.947796895854     -0.473889667137      0.947796924364
       172.374972486       264.7      0.947794891226     -0.473889663654       0.94779491482
       179.269971385       268.4      0.947793360965     -0.473889658613      0.947793380803
       186.164970285         272      0.947792174106     -0.473889653229      0.947792191025
        188.21970957       272.9      0.947791872505     -0.473889651646      0.947791888683
       193.059969184       276.2      0.947791239269     -0.473889648018      0.947791253892
       199.954968083       280.3      0.947790492154     -0.473889643166      0.947790504947
       206.849966983       283.9      0.947789887314     -0.473889638713      0.947789898633
       213.744965882       287.6      0.947789392487     -0.473889634668      0.947789402606
       220.639964782       291.3      0.947788984591     -0.473889631047      0.947788993726
       227.534963681       294.9      0.947788646837     -0.473889627878      0.947788655154
       234.429962581       298.6      0.947788366574     -0.473889625188      0.947788374203
       237.531470374       298.7      0.947788256506     -0.473889624136       0.94778826386
        241.32496148       302.3      0.947788133736     -0.473889622978      0.947788140779
       248.219960379       305.9      0.947787939897     -0.473889621218      0.947787946433
       255.114959279       309.5      0.947787777861     -0.473889619848      0.947787783955
       262.009958178       313.2      0.947787641593     -0.473889618787      0.947787647299
       268.904957078       317.6      0.947787526227      -0.47388961795      0.947787531594
       275.799955977       321.5      0.947787427985     -0.473889617261      0.947787433056
       282.694954877       325.4      0.947787343995     -0.473889616667      0.947787348811
       286.820716286       326.5      0.947787299622     -0.473889616344      0.947787304304
       289.589953776       329.2      0.947787272069     -0.473889616139      0.947787276669
       296.484952675         333      0.947787210533     -0.473889615674      0.947787214952
       303.379951575       336.9      0.947787158085     -0.473889615283      0.947787162352
       310.274950474       340.8      0.947787113679     -0.473889614976      0.947787117818
       317.169949374       344.6      0.947787076414     -0.473889614756      0.947787080446
       324.064948273       348.4      0.947787045444     -0.473889614609      0.947787049383
       330.959947173       352.2      0.947787019932      -0.47388961451      0.947787023792
